Gene	neg.pval	neg.fdr	pos.pval	pos.fdr	lfc
ABCA13	0.979395565746848	0.999663040323235	0.00827766140615383	0.226223249970543	0.7702
ADAM17	0.321510405710298	0.999663040323235	0.876393663299379	0.999987901646542	-0.13542
ADAMTSL3	0.637086078940187	0.999663040323235	0.373981493806099	0.956855291238081	0.07598
ADAT1	0.046977439935809	0.517691388092615	0.996450473220742	0.999987901646542	-0.50461
AKT1	0.0481637796658035	0.520357697957994	0.936312330622054	0.999987901646542	-0.48574
ALDH16A1	0.387932409905459	0.999663040323235	0.325135867425107	0.909390167265146	-0.17682
ANKRD22	0.366040937257949	0.999663040323235	0.82526039163292	0.999987901646542	-0.12165
ASAP	0.519141574696558	0.999663040323235	0.448892892018831	0.999987901646542	-0.051639
ATM	0.162384039419157	0.897187611189905	0.554205489846106	0.999987901646542	0.051552
ATP7A	0.998791836079427	0.999663040323235	0.0558088431616757	0.49250990239678	0.52032
ATP7B	0.304076872619132	0.999663040323235	0.540474019944507	0.999987901646542	-0.20274
ATR	0.107928293504302	0.756094857266735	0.946773783577003	0.999987901646542	-0.29487
BCL2L1	0.686547898687107	0.999663040323235	0.306641633658332	0.898720958222025	0.09527
BCL6B	0.305891752495158	0.999663040323235	0.914327836221708	0.999987901646542	-0.30012
BECN1	0.981350712256598	0.999663040323235	0.162123716299171	0.703276964017904	0.30576
BRCA2	0.857898476501348	0.999663040323235	0.0343011234686076	0.429543614345518	0.5174
C1R	0.996142282754918	0.999663040323235	0.0512895698326656	0.49250990239678	0.4557
CADM1	0.24381722531851	0.999663040323235	0.463533728763761	0.999987901646542	-0.61831
candidate5	0.979044004844221	0.999663040323235	0.170944933115586	0.703276964017904	0.27181
candidate50	0.875861754528559	0.999663040323235	0.0484305826023489	0.49250990239678	0.40882
candidate500	0.00995200987929573	0.219722196436065	0.212423379372305	0.765001843360391	-0.60277
candidate501	0.105924325863433	0.756094857266735	0.767273399085057	0.999987901646542	-0.25848
candidate502	0.119462209759498	0.803236006154988	0.97738369317886	0.999987901646542	-0.38464
candidate503	0.514230044207507	0.999663040323235	0.680271242815041	0.999987901646542	-0.23196
candidate504	0.00140227065264158	0.0643875941337925	0.990611897619149	0.999987901646542	-0.70626
candidate505	0.0952274024608943	0.74438716906688	0.678570743263574	0.999987901646542	-0.43436
candidate506	0.866739019540019	0.999663040323235	0.363851776774452	0.954677757155825	0.54355
candidate507	0.313353197268988	0.999663040323235	0.610272511576534	0.999987901646542	0.1015
candidate508	0.475343669323288	0.999663040323235	0.537245289418798	0.999987901646542	0.061491
candidate509	0.312420424530923	0.999663040323235	0.202933433566629	0.745565355290273	-0.077723
candidate51	0.646715449441639	0.999663040323235	0.254597267590997	0.812082485284783	-0.013849
candidate510	0.0644541214046762	0.601935947355536	0.950341889415423	0.999987901646542	-0.47626
candidate511	0.592851938083547	0.999663040323235	0.857666109572271	0.999987901646542	-0.147
candidate512	0.81681591401871	0.999663040323235	0.48243608452418	0.999987901646542	0.15871
candidate513	0.173590880010853	0.919697835442117	0.791220875570882	0.999987901646542	-0.39477
candidate514	0.824660007033568	0.999663040323235	0.458437818862978	0.999987901646542	0.094098
candidate515	0.522895245817168	0.999663040323235	0.626126602112493	0.999987901646542	-0.063837
candidate517	0.758890297918513	0.999663040323235	0.63023229707369	0.999987901646542	-0.0027138
candidate518	0.350430300907761	0.999663040323235	0.375300388424434	0.956855291238081	0.080015
candidate519	0.581510831213255	0.999663040323235	0.622563692704221	0.999987901646542	0.01817
candidate52	0.201316879421736	0.948082056080142	0.887322267171466	0.999987901646542	-0.26766
candidate520	0.363830672617847	0.999663040323235	0.914824473319284	0.999987901646542	-0.15008
candidate521	0.581471076200349	0.999663040323235	0.827749704888696	0.999987901646542	-0.088234
candidate522	0.900932315203798	0.999663040323235	0.108794900335439	0.577949767889006	0.11345
candidate523	0.915131281748645	0.999663040323235	0.466202965857938	0.999987901646542	0.10811
candidate524	0.138118928929447	0.845543194990819	0.93132062445256	0.999987901646542	-0.3155
candidate525	0.00908189672948909	0.219722196436065	0.562831934097387	0.999987901646542	-0.67276
candidate527	0.781823114396491	0.999663040323235	0.745723977582965	0.999987901646542	-0.019431
candidate528	0.937740288613969	0.999663040323235	0.084746419235863	0.532929024422574	0.33126
candidate529	0.747737979034523	0.999663040323235	0.718004743314161	0.999987901646542	0.021396
candidate530	0.281641450391852	0.999663040323235	0.857850100550207	0.999987901646542	-0.12582
candidate531	0.952037029249845	0.999663040323235	0.00991614904978014	0.226223249970543	0.16586
candidate532	0.0334309062871563	0.418646121914162	0.909536464078394	0.999987901646542	-0.28257
candidate533	0.141179626023875	0.845543194990819	0.520453072970592	0.999987901646542	-0.28736
candidate534	0.981688729100185	0.999663040323235	0.0441075870872537	0.476534911472094	0.48969
candidate535	0.927467096683589	0.999663040323235	0.518743345381628	0.999987901646542	0.10101
candidate536	0.968302800057415	0.999663040323235	0.0425698884672009	0.47374385663633	0.36225
candidate537	0.585090196323995	0.999663040323235	0.862597940901817	0.999987901646542	-0.11435
candidate538	0.736427590835227	0.999663040323235	0.660051196629168	0.999987901646542	-0.013399
candidate539	0.217466161082405	0.986397344707331	0.237593701143751	0.788639333314499	-0.20625
candidate54	0.893941849018797	0.999663040323235	0.259935392926705	0.823128744267899	0.23131
candidate541	0.33580720476412	0.999663040323235	0.838666793486721	0.999987901646542	-0.12102
candidate543	0.886368958389479	0.999663040323235	0.510578158979442	0.999987901646542	0.065975
candidate544	0.755932971884283	0.999663040323235	0.145484378713459	0.679338073484032	0.093844
candidate545	0.902112561891779	0.999663040323235	0.150256882878057	0.689929520548414	0.25029
candidate546	0.944111080267045	0.999663040323235	0.190936731716212	0.745002370013295	0.21565
candidate547	0.352451370269476	0.999663040323235	0.676938444260723	0.999987901646542	0.00063998
candidate549	0.939255527637294	0.999663040323235	0.0752607965832937	0.524920239460694	0.38108
candidate55	0.657710084987205	0.999663040323235	0.70516531375315	0.999987901646542	0.015129
candidate550	0.254256344896488	0.999663040323235	0.80548685417189	0.999987901646542	-0.2484
candidate552	0.366309509511385	0.999663040323235	0.348504059644352	0.936710911531893	-0.23817
candidate553	0.849942160012046	0.999663040323235	0.660742243883397	0.999987901646542	0.03579
candidate554	0.45326137384744	0.999663040323235	0.67996330457561	0.999987901646542	0.039659
candidate555	0.0710099159125067	0.644762724610623	0.9860282696046	0.999987901646542	-0.32189
candidate556	0.690470963062082	0.999663040323235	0.613073385910725	0.999987901646542	-0.0068256
candidate557	0.53270078441091	0.999663040323235	0.706233005708048	0.999987901646542	-0.1104
candidate558	0.907925400484721	0.999663040323235	0.060702265391185	0.49250990239678	0.17193
candidate56	0.920528330198142	0.999663040323235	0.318718534809686	0.909390167265146	0.080364
candidate560	0.990281138009429	0.999663040323235	0.0021188910809188	0.15385021366317	0.30119
candidate561	0.959416637727283	0.999663040323235	0.302397928100193	0.891022772102707	0.24172
candidate562	0.881698263336669	0.999663040323235	0.551117377393103	0.999987901646542	0.068041
candidate563	0.221221596198949	0.986397344707331	0.742992505813853	0.999987901646542	-0.32574
candidate564	0.224875467058457	0.986397344707331	0.739919644380555	0.999987901646542	-0.37358
candidate566	0.383538421317229	0.999663040323235	0.861037080717048	0.999987901646542	-0.18987
candidate567	0.960706149275785	0.999663040323235	0.331229821788062	0.91253815902611	0.176
candidate568	0.196299778956253	0.940531984390394	0.889040528667285	0.999987901646542	-0.27299
candidate569	0.561070530226987	0.999663040323235	0.0914969609620717	0.54798723358806	-0.097058
candidate57	0.961787996806283	0.999663040323235	0.403842436639592	0.972519738930715	0.19802
candidate570	0.527505970864503	0.999663040323235	0.216736784777188	0.775467327352146	0.030403
candidate571	0.351064331151254	0.999663040323235	0.860395758409936	0.999987901646542	-0.12816
candidate572	0.770533860347544	0.999663040323235	0.571577985584224	0.999987901646542	-0.033208
candidate573	0.54591611103814	0.999663040323235	0.708733964653863	0.999987901646542	-0.10351
candidate574	0.857012341820715	0.999663040323235	0.0998540931167166	0.567212425848565	0.20043
candidate575	0.436068846871723	0.999663040323235	0.635930912253851	0.999987901646542	-0.10431
candidate576	0.902923699725739	0.999663040323235	0.00217138099360428	0.15385021366317	0.52601
candidate577	0.0099692466622534	0.219722196436065	0.683148727626453	0.999987901646542	-0.66287
candidate578	0.769871600512336	0.999663040323235	0.505988533995849	0.999987901646542	-0.015758
candidate579	0.845473461116074	0.999663040323235	0.0670184602076133	0.499015832086418	0.26798
candidate58	0.1310309699191	0.845543194990819	0.810246839646958	0.999987901646542	-0.11134
candidate580	0.982000057310793	0.999663040323235	0.161004039415212	0.703276964017904	0.24261
candidate581	0.955242638483176	0.999663040323235	0.440459692694836	0.999987901646542	0.16198
candidate584	0.858119665267274	0.999663040323235	0.266463160491032	0.836452612020242	0.10067
candidate585	0.558187323763492	0.999663040323235	0.686550016865601	0.999987901646542	-0.03405
candidate586	0.948051374750685	0.999663040323235	0.2222844564128	0.77574294576341	0.1726
candidate587	0.268901475038449	0.999663040323235	0.880373500651692	0.999987901646542	-0.31225
candidate588	0.113020577739051	0.778429229177714	0.75446417954408	0.999987901646542	-0.33477
candidate589	0.0261243876639711	0.39065689681963	0.993300220511653	0.999987901646542	-0.48084
candidate59	0.186195420651565	0.924267358369482	0.901723282415014	0.999987901646542	-0.20551
candidate590	0.4902969211656	0.999663040323235	0.235772854977788	0.788639333314499	0.04032
candidate591	0.137675666450142	0.845543194990819	0.874139452161741	0.999987901646542	-0.27299
candidate592	0.858758840424773	0.999663040323235	0.64217760355266	0.999987901646542	0.072989
candidate593	0.588642059641655	0.999663040323235	0.659400366899665	0.999987901646542	-0.1398
candidate594	0.642717535427344	0.999663040323235	0.710003019131159	0.999987901646542	-0.13438
candidate595	0.502945344725801	0.999663040323235	0.431201881859878	0.998286709684004	0.054111
candidate596	0.590165476675348	0.999663040323235	0.723646404543454	0.999987901646542	-0.090009
candidate597	0.279248340805637	0.999663040323235	0.970535028234489	0.999987901646542	-0.28805
candidate598	0.685643717059522	0.999663040323235	0.717381083326839	0.999987901646542	0.093126
candidate599	0.991545571185198	0.999663040323235	0.0804821409827734	0.532929024422574	0.30885
candidate6	0.284078760037954	0.999663040323235	0.941701420838855	0.999987901646542	-0.3067
candidate60	0.341245342568127	0.999663040323235	0.888791490443359	0.999987901646542	-0.20433
candidate600	0.105067368673708	0.756094857266735	0.615640038138581	0.999987901646542	-0.32189
candidate601	0.27137393223165	0.999663040323235	0.956252285195338	0.999987901646542	-0.23473
candidate602	0.674630002872159	0.999663040323235	0.912898119928881	0.999987901646542	-0.13556
candidate603	0.969241829506064	0.999663040323235	0.170355406956718	0.703276964017904	0.19158
candidate604	0.0736658610049242	0.650936429485842	0.866987389476681	0.999987901646542	-0.38088
candidate605	0.964003302690707	0.999663040323235	0.0198338232046896	0.318462059402562	0.27641
candidate606	0.617636919978547	0.999663040323235	0.605308479160571	0.999987901646542	-0.01571
candidate607	0.367867024666013	0.999663040323235	0.622432092780018	0.999987901646542	-0.17857
candidate608	0.354647960554165	0.999663040323235	0.879758813502223	0.999987901646542	-0.1699
candidate609	0.300511173927573	0.999663040323235	0.659967180452018	0.999987901646542	-0.14198
candidate61	0.470171109590659	0.999663040323235	0.939277224485192	0.999987901646542	-0.23111
candidate610	0.395233291518513	0.999663040323235	0.789038760983515	0.999987901646542	-0.089174
candidate612	0.831920847746036	0.999663040323235	0.054208958387043	0.49250990239678	0.069844
candidate613	0.623624654208346	0.999663040323235	0.0982133048618878	0.567212425848565	0.34152
candidate614	0.18439392074227	0.923645912081733	0.193765143371617	0.745002370013295	-0.23849
candidate615	0.617622294661328	0.999663040323235	0.00539802775840618	0.185894580930113	0.31981
candidate616	0.91144958326428	0.999663040323235	0.14187425198585	0.668493903339699	0.15871
candidate617	0.431004156853388	0.999663040323235	0.845554487941115	0.999987901646542	-0.16028
candidate619	0.847176222088782	0.999663040323235	0.273080409082577	0.836452612020242	0.15871
candidate62	0.0713802653380181	0.644762724610623	0.698022961736265	0.999987901646542	-0.2645
candidate620	0.360963218894437	0.999663040323235	0.771423784286485	0.999987901646542	-0.12809
candidate621	0.619548041159858	0.999663040323235	0.694799136709369	0.999987901646542	-0.0049775
candidate622	0.134087408264762	0.845543194990819	0.984642840047896	0.999987901646542	-0.45063
candidate623	0.69214253004383	0.999663040323235	0.061459554184449	0.49250990239678	0.052148
candidate624	0.0113318605530592	0.240148275566755	0.428048528982969	0.998286709684004	-0.69235
candidate625	0.556490439104102	0.999663040323235	0.693597015221536	0.999987901646542	0.16213
candidate626	0.76441955629013	0.999663040323235	0.450423734924041	0.999987901646542	0.13873
candidate627	0.929999320014684	0.999663040323235	0.0590560255211113	0.49250990239678	0.40476
candidate628	0.999353527605586	0.999663040323235	0.00263885419811713	0.161556518129171	0.59102
candidate629	0.802461477976196	0.999663040323235	0.546282793542615	0.999987901646542	-0.020864
candidate63	0.101716993916341	0.756094857266735	0.600965538803128	0.999987901646542	-0.35986
candidate630	0.0801515889090106	0.680760034994064	0.808806729759945	0.999987901646542	-0.46879
candidate631	0.917881717969188	0.999663040323235	0.0246354147586288	0.348054193128319	0.51459
candidate632	0.912715010070224	0.999663040323235	0.202657824132246	0.745565355290273	0.19245
candidate633	0.950043208562668	0.999663040323235	0.453456227396227	0.999987901646542	0.13594
candidate634	0.268115846351569	0.999663040323235	0.0730613769590929	0.516113060313592	-0.16592
candidate635	0.869077336449664	0.999663040323235	0.289065422911542	0.865625261001411	0.10136
candidate636	0.347891054769866	0.999663040323235	0.894661832759407	0.999987901646542	-0.19637
candidate637	0.991262569707537	0.999663040323235	0.086672777980565	0.536592142329116	0.33241
candidate639	0.235273070605526	0.999663040323235	0.861640302415018	0.999987901646542	-0.32341
candidate64	0.0249559807142347	0.39065689681963	0.958555589006117	0.999987901646542	-0.5625
candidate640	0.991614486757446	0.999663040323235	0.018805743862846	0.318462059402562	0.42874
candidate641	0.0292931222045748	0.396440551523969	0.990854868143551	0.999987901646542	-0.40572
candidate642	0.400243364648966	0.999663040323235	0.800882522311808	0.999987901646542	-0.079998
candidate643	0.320328298871815	0.999663040323235	0.955601593194156	0.999987901646542	-0.26703
candidate644	0.753174213065699	0.999663040323235	0.371156096929481	0.956855291238081	0.014363
candidate645	0.614884575880426	0.999663040323235	0.329905667477136	0.91253815902611	0.076022
candidate646	0.980325254030067	0.999663040323235	0.171032873282031	0.703276964017904	0.23354
candidate647	0.896461331506205	0.999663040323235	0.376423478315891	0.956855291238081	0.051233
candidate648	0.945603103186966	0.999663040323235	0.152519221467784	0.694529677923547	0.17157
candidate649	0.646912287882106	0.999663040323235	0.339999176077596	0.922854906496333	0.30793
candidate65	0.788594155729073	0.999663040323235	0.103116128656227	0.573908958480619	0.30502
candidate650	0.793856346970867	0.999663040323235	0.487736308810424	0.999987901646542	0.0046539
candidate652	0.475049814594473	0.999663040323235	0.589350410908544	0.999987901646542	-0.11134
candidate653	0.181959767211132	0.923645912081733	0.886683907416066	0.999987901646542	-0.29069
candidate654	0.634472196728561	0.999663040323235	0.790389293648754	0.999987901646542	-0.083135
candidate655	0.539386916030604	0.999663040323235	0.284224382033745	0.86048150824502	0.11933
candidate656	0.446939802410118	0.999663040323235	0.676400215890024	0.999987901646542	-0.13536
candidate657	0.848573639717591	0.999663040323235	0.526720968839745	0.999987901646542	0.053462
candidate658	0.181974132168411	0.923645912081733	0.287896870652042	0.865625261001411	-0.35709
candidate659	0.99359302339404	0.999663040323235	0.00217599608813792	0.15385021366317	0.19498
candidate66	0.84230646722874	0.999663040323235	0.680335921335108	0.999987901646542	0.049462
candidate660	0.729535287704765	0.999663040323235	0.0584275507452695	0.49250990239678	0.09747
candidate661	0.997789748221723	0.999663040323235	0.00423591528995242	0.18389950112603	0.47136
candidate662	0.976409299646009	0.999663040323235	0.203235719137968	0.745565355290273	0.21017
candidate663	0.0417396288633373	0.476254146254066	0.391050052667114	0.970277465225214	-0.57354
candidate664	0.350239824306136	0.999663040323235	0.404186969537448	0.972519738930715	-0.30602
candidate665	0.885900597036978	0.999663040323235	0.388759791701379	0.970277465225214	0.15871
candidate666	0.162998557521568	0.897187611189905	0.190760810938874	0.745002370013295	-0.30114
candidate667	0.401369247958714	0.999663040323235	0.223853227543343	0.77574294576341	0.029732
candidate668	0.248807340702786	0.999663040323235	0.355029605908819	0.945030496887725	-0.1847
candidate669	0.816244530270733	0.999663040323235	0.0530198370401868	0.49250990239678	0.023574
candidate67	0.717485485226447	0.999663040323235	0.113103192574734	0.582315066108536	0.54429
candidate670	0.306010344258584	0.999663040323235	0.320694010420425	0.909390167265146	-0.32729
candidate672	0.905500350855064	0.999663040323235	0.109086707550738	0.577949767889006	0.39232
candidate673	0.108405614744232	0.756094857266735	0.951150700197991	0.999987901646542	-0.41408
candidate674	0.841819282178425	0.999663040323235	0.129939916070995	0.639257979956415	0.19655
candidate675	0.220094463576321	0.986397344707331	0.541685949673455	0.999987901646542	-0.30761
candidate676	0.28613116108786	0.999663040323235	0.868685108626639	0.999987901646542	-0.19713
candidate677	0.147242412599221	0.872371713356672	0.102646203189911	0.573908958480619	-0.3463
candidate678	0.579240869331791	0.999663040323235	0.249706501551062	0.80662231493859	0.12222
candidate68	0.54702875373706	0.999663040323235	0.695587170310036	0.999987901646542	0.011846
candidate681	0.737378102472646	0.999663040323235	0.0153395971322651	0.281737267329269	0.6612
candidate682	0.645330784666301	0.999663040323235	0.0202289874393642	0.318462059402562	0.089034
candidate683	0.48959207087711	0.999663040323235	0.0462770761507472	0.490359018443495	1.1806
candidate684	0.678040274221605	0.999663040323235	0.20432008829189	0.745565355290273	0.11118
candidate685	0.018156391377367	0.322715214481588	0.998309334013815	0.999987901646542	-0.59558
candidate686	0.161915276651868	0.897187611189905	0.814145796890851	0.999987901646542	-0.51653
candidate687	0.13858379890208	0.845543194990819	0.683836269494646	0.999987901646542	-0.24424
candidate690	0.464256053008271	0.999663040323235	0.845274709994271	0.999987901646542	-0.13225
candidate691	0.785579666051217	0.999663040323235	0.27101585688109	0.836452612020242	0.062583
candidate692	0.786918887553476	0.999663040323235	0.514331042373969	0.999987901646542	-0.033962
candidate693	0.816235392208462	0.999663040323235	0.0379415430816922	0.444804047617285	-0.015407
candidate694	0.515098558720207	0.999663040323235	0.0608778682077109	0.49250990239678	0.16957
candidate695	0.984139447215842	0.999663040323235	0.136186733584965	0.664060975268279	0.33005
candidate696	0.39694211804501	0.999663040323235	0.970459198057967	0.999987901646542	-0.27224
candidate697	0.860598731989341	0.999663040323235	0.423995801929617	0.998286709684004	0.074022
candidate698	0.993149543176283	0.999663040323235	0.104788372305508	0.577383931403347	0.34384
candidate699	0.99116306541105	0.999663040323235	0.0828648578513387	0.532929024422574	0.34865
candidate7	0.789387813593453	0.999663040323235	0.360426299093782	0.951138784282165	0.15871
candidate70	0.0365600277740361	0.437925550075954	0.528689534490262	0.999987901646542	-0.5212
candidate700	0.953402872010434	0.999663040323235	0.138937609494661	0.667045766300466	0.33115
candidate701	0.273649635936977	0.999663040323235	0.515424875074819	0.999987901646542	-0.27299
candidate704	0.994405844386385	0.999663040323235	0.00120306958041427	0.15385021366317	0.66431
candidate705	0.649069049254328	0.999663040323235	0.369880864075975	0.956855291238081	0.15156
candidate706	0.925777017231814	0.999663040323235	0.0117225487681531	0.239226828564902	0.48064
candidate707	0.993309617296739	0.999663040323235	0.0429894606748031	0.47374385663633	0.33959
candidate708	0.468733372877596	0.999663040323235	0.630512465960804	0.999987901646542	-0.092573
candidate709	0.86600924704345	0.999663040323235	0.513477125041946	0.999987901646542	0.11046
candidate71	0.0744264883078186	0.650936429485842	0.00433882670533283	0.18389950112603	-0.51653
candidate710	0.60999878869315	0.999663040323235	0.78062060991413	0.999987901646542	-0.086742
candidate711	0.989723417653013	0.999663040323235	0.0908895742779601	0.54798723358806	0.31611
candidate712	0.783112432570026	0.999663040323235	0.418825103670534	0.990512298707379	0.17468
candidate714	0.586828157276723	0.999663040323235	0.711768399202335	0.999987901646542	0.0029724
candidate715	0.844875512940203	0.999663040323235	0.169128864117164	0.703276964017904	0.098972
candidate717	0.832048644577519	0.999663040323235	0.529121968634711	0.999987901646542	0.037792
candidate718	0.662889442446807	0.999663040323235	0.629884987851566	0.999987901646542	-0.10201
candidate719	0.573927816376912	0.999663040323235	0.492716689875072	0.999987901646542	0.052491
candidate72	0.920957144452023	0.999663040323235	0.272190803529738	0.836452612020242	0.14353
candidate720	0.471270550390346	0.999663040323235	0.670432042522602	0.999987901646542	0.029817
candidate721	0.994051545397012	0.999663040323235	0.0131321447517814	0.249510750283846	0.36457
candidate722	0.421474569015143	0.999663040323235	0.250331063256804	0.80662231493859	-0.031308
candidate723	0.970988949267528	0.999663040323235	0.203067117627501	0.745565355290273	0.19194
candidate725	0.762395539895012	0.999663040323235	0.401811164815669	0.972519738930715	0.10207
candidate726	0.139970923370636	0.845543194990819	0.485869305348141	0.999987901646542	-0.50539
candidate727	0.966922819893241	0.999663040323235	0.111960334417283	0.582315066108536	0.29567
candidate728	0.985685061990409	0.999663040323235	0.141948796171951	0.668493903339699	0.25506
candidate729	0.22083243336361	0.986397344707331	0.438696481572698	0.999987901646542	-0.17032
candidate73	0.734264453183875	0.999663040323235	0.335909160843616	0.920825610073792	-0.060197
candidate731	0.813421773646527	0.999663040323235	0.00393342778114988	0.18389950112603	0.6855
candidate732	0.0992349736259232	0.756094857266735	0.943041215540041	0.999987901646542	-0.29587
candidate733	0.0423529095579841	0.476254146254066	0.934627368106394	0.999987901646542	-0.63417
candidate734	0.00589690745955873	0.185486835250692	0.991137324626545	0.999987901646542	-0.40603
candidate735	0.222827367018026	0.986397344707331	0.786374836747859	0.999987901646542	-0.22887
candidate736	0.301943752385958	0.999663040323235	0.49847875022329	0.999987901646542	0.034787
candidate737	0.830566153458242	0.999663040323235	0.181703441769738	0.730792674562963	0.22123
candidate738	0.90603015397956	0.999663040323235	0.46515277240005	0.999987901646542	0.073852
candidate739	0.493809900026419	0.999663040323235	0.822273517499916	0.999987901646542	-0.10439
candidate74	0.952148732921414	0.999663040323235	0.00532846403431918	0.185894580930113	0.69653
candidate740	0.43235255140665	0.999663040323235	0.865216706001666	0.999987901646542	-0.15432
candidate741	0.720142011145678	0.999663040323235	0.458864197581828	0.999987901646542	-0.023076
candidate742	0.0289322230617584	0.396440551523969	0.966766501371304	0.999987901646542	-0.55548
candidate743	0.959764522036715	0.999663040323235	0.10715592799291	0.577949767889006	0.28033
candidate744	0.999553047404907	0.999663040323235	0.0022337599079952	0.15385021366317	0.63162
candidate745	0.727286886820637	0.999663040323235	0.685129112568181	0.999987901646542	-0.021608
candidate746	0.617099855381176	0.999663040323235	0.456461533326733	0.999987901646542	0.11594
candidate748	0.638483822645314	0.999663040323235	0.621395287629331	0.999987901646542	-0.019192
candidate749	0.949309134178994	0.999663040323235	0.0995141364527302	0.567212425848565	0.33705
candidate75	0.594006403827812	0.999663040323235	0.796074078410827	0.999987901646542	-0.10927
candidate750	0.723080720632325	0.999663040323235	0.596783092498854	0.999987901646542	-0.1075
candidate751	0.983551737373395	0.999663040323235	0.0271531925988706	0.364912417609212	0.48545
candidate752	0.61870819152512	0.999663040323235	0.820765591327773	0.999987901646542	-0.061946
candidate753	0.169873335662268	0.908739883008832	0.864387813802518	0.999987901646542	-0.35887
candidate754	0.489688157491082	0.999663040323235	0.932191004115478	0.999987901646542	-0.17162
candidate755	0.0316099629979888	0.405048595625392	0.98794159865081	0.999987901646542	-0.38948
candidate756	0.090658934135107	0.723957575484695	0.905410149195913	0.999987901646542	-0.40985
candidate757	0.861227724647586	0.999663040323235	0.0258581321071129	0.35619576977548	0.3009
candidate759	0.516147100722091	0.999663040323235	0.0355163479332223	0.434877949137899	0.38855
candidate76	0.194664180055937	0.940531984390394	0.98214671051445	0.999987901646542	-0.32379
candidate760	0.95163800114183	0.999663040323235	0.0102642127935818	0.226223249970543	0.16545
candidate761	0.800216987013223	0.999663040323235	0.244511358936622	0.801939040321898	0.017544
candidate762	0.579859556454507	0.999663040323235	0.396568526237471	0.972519738930715	0.014043
candidate763	0.0850185953752783	0.699182776892214	0.571964232411746	0.999987901646542	-0.57662
candidate764	0.377120392441234	0.999663040323235	0.697397812479373	0.999987901646542	-0.16846
candidate767	0.920295437082715	0.999663040323235	0.221319931671967	0.77574294576341	0.22379
candidate768	0.944902309210624	0.999663040323235	0.0244940670853832	0.348054193128319	0.4094
candidate769	0.539152060766033	0.999663040323235	0.686534451799774	0.999987901646542	-0.013274
candidate77	0.728785928364694	0.999663040323235	0.639367936645729	0.999987901646542	-0.0417
candidate770	0.756318409012951	0.999663040323235	0.535674247173152	0.999987901646542	0.018639
candidate771	0.458208887444215	0.999663040323235	0.782530601977594	0.999987901646542	-0.1492
candidate772	0.498921580118347	0.999663040323235	0.243400911482511	0.801939040321898	0.085346
candidate773	0.734462516973945	0.999663040323235	0.597064739677517	0.999987901646542	-0.067588
candidate774	0.234813591429384	0.999663040323235	0.16214803129948	0.703276964017904	-0.26019
candidate775	0.713461231685374	0.999663040323235	0.094587184107253	0.56040363917308	0.33599
candidate776	0.991140251091195	0.999663040323235	0.0517629670084628	0.49250990239678	0.36039
candidate777	0.0845120689462411	0.699182776892214	0.955468584040352	0.999987901646542	-0.3182
candidate778	0.59947013653124	0.999663040323235	0.070222058261261	0.509109922394142	0.34161
candidate779	0.939957704783955	0.999663040323235	0.511179872228091	0.999987901646542	0.16545
candidate78	0.808963702458116	0.999663040323235	0.732241897735263	0.999987901646542	0.0092992
candidate780	0.518821990860157	0.999663040323235	0.609630556876466	0.999987901646542	0.093126
candidate782	0.439670303769536	0.999663040323235	0.799692472604315	0.999987901646542	-0.11268
candidate783	0.596466525620982	0.999663040323235	0.822568299233415	0.999987901646542	-0.097169
candidate784	0.707499784282661	0.999663040323235	0.2333523768325	0.788639333314499	0.23268
candidate786	0.264584756288046	0.999663040323235	0.882729533115273	0.999987901646542	-0.084236
candidate787	0.738774205157514	0.999663040323235	0.0620020424810825	0.49250990239678	0.26053
candidate789	0.95995546615377	0.999663040323235	0.00579957020847468	0.187974304992326	0.58233
candidate79	0.061054503806211	0.590193536793372	0.960195842492345	0.999987901646542	-0.58126
candidate790	0.813210000456112	0.999663040323235	0.538740757000608	0.999987901646542	0.034787
candidate792	0.000616597240669939	0.0389625801242041	0.999688063372669	0.999987901646542	-0.83191
candidate793	0.952002820725929	0.999663040323235	0.398908845898798	0.972519738930715	0.13069
candidate794	0.0351697142330699	0.430633612053812	0.993289285299341	0.999987901646542	-0.49833
candidate795	0.558036968501273	0.999663040323235	0.524050529517537	0.999987901646542	0.09747
candidate796	0.0510236846866564	0.530240233848032	0.898146011356728	0.999987901646542	-0.5797
candidate797	0.810547348159013	0.999663040323235	0.671861128143997	0.999987901646542	0.015129
candidate798	0.988209669984391	0.999663040323235	0.222639252159219	0.77574294576341	0.31818
candidate799	0.990354000374041	0.999663040323235	0.0645493585828161	0.499015832086418	0.30858
candidate9	0.948402602963017	0.999663040323235	0.00194416881598733	0.15385021366317	0.63437
candidate90	0.208295328423459	0.972633270858693	0.652598632008364	0.999987901646542	-0.095864
candidate900	0.899651674059868	0.999663040323235	0.679222853698181	0.999987901646542	0.048179
candidate901	0.672066921854524	0.999663040323235	0.1139178833525	0.582315066108536	0.26467
candidate905	0.746423272475386	0.999663040323235	0.232097143607869	0.788639333314499	0.12032
candidate909	0.857531413141499	0.999663040323235	0.156570895574321	0.703276964017904	0.16006
candidate91	0.38532307453525	0.999663040323235	0.909341217186631	0.999987901646542	-0.29138
candidate92	0.976167752074347	0.999663040323235	0.0594676443688934	0.49250990239678	0.39783
candidate93	0.0589779446316997	0.580300848072617	0.991796405457011	0.999987901646542	-0.4889
candidate931	0.608759453283173	0.999663040323235	0.845384322641854	0.999987901646542	-0.10533
candidate932	0.550233729529304	0.999663040323235	0.851676495240485	0.999987901646542	-0.087438
candidate933	0.158236773923622	0.897187611189905	0.964854662076529	0.999987901646542	-0.41501
candidate935	0.730062971568119	0.999663040323235	0.685001878574418	0.999987901646542	-0.010291
candidate937	0.705255556984235	0.999663040323235	0.768022353452427	0.999987901646542	-0.1104
candidate938	0.361493573635576	0.999663040323235	0.882967345367481	0.999987901646542	-0.28291
candidate94	0.318288800618412	0.999663040323235	0.543284629950252	0.999987901646542	-0.12089
candidate940	0.955606776478007	0.999663040323235	0.0889746927468145	0.544722841149942	0.27419
candidate941	0.973345822041317	0.999663040323235	0.122677007344993	0.614500282246283	0.18643
candidate942	0.952916147610169	0.999663040323235	0.478649342955165	0.999987901646542	0.1579
candidate946	0.419892717183088	0.999663040323235	0.931447538445867	0.999987901646542	-0.16151
candidate947	0.832192328051716	0.999663040323235	0.248071329235909	0.80662231493859	0.18624
candidate948	0.563652629031615	0.999663040323235	0.736920475960908	0.999987901646542	-0.21128
candidate949	0.68903769472068	0.999663040323235	0.328020236633923	0.91253815902611	0.060375
candidate953	0.832917288603892	0.999663040323235	0.0785185898973137	0.532929024422574	0.23502
candidate955	0.307015964026946	0.999663040323235	0.843267548716191	0.999987901646542	-0.15198
candidate957	0.699869957965268	0.999663040323235	0.553697057112538	0.999987901646542	0.021084
candidate958	0.284654076615702	0.999663040323235	0.850792348271143	0.999987901646542	-0.21834
candidate962	0.931927439086894	0.999663040323235	0.273251307012057	0.836452612020242	0.19045
candidate964	0.760985429697917	0.999663040323235	0.164635994090206	0.703276964017904	0.10596
candidate966	0.658884154725447	0.999663040323235	0.662197324430644	0.999987901646542	-0.092742
candidate967	0.932337177217418	0.999663040323235	0.226528487214387	0.780107477844546	0.17754
candidate97	0.931641241886092	0.999663040323235	0.323160720098152	0.909390167265146	0.15663
candidate972	0.475201379137098	0.999663040323235	0.321330738273496	0.909390167265146	0.17092
candidate977	0.261974022658667	0.999663040323235	0.576546648206056	0.999987901646542	-0.19596
candidate978	0.59968634196241	0.999663040323235	0.752722081007384	0.999987901646542	-0.047765
candidate979	0.622810333328742	0.999663040323235	0.853104336290261	0.999987901646542	-0.10782
candidate98	0.271137243756577	0.999663040323235	0.936996984285542	0.999987901646542	-0.24595
candidate980	0.713699788662529	0.999663040323235	0.657241215864579	0.999987901646542	0.10154
candidate984	0.607337713509472	0.999663040323235	0.779597015739562	0.999987901646542	-0.042355
candidate986	0.936882717989307	0.999663040323235	0.410808452200205	0.984154161575273	0.15183
candidate987	0.783111146144412	0.999663040323235	0.139220078265978	0.667045766300466	0.075573
candidate989	0.590512190091011	0.999663040323235	0.834395295606518	0.999987901646542	-0.17061
candidate99	0.947923821446572	0.999663040323235	0.0843731304568145	0.532929024422574	0.18416
candidate990	0.823942046886241	0.999663040323235	0.299129118261768	0.886129807323841	0.10603
candidate992	0.532242455549069	0.999663040323235	0.167907528353765	0.703276964017904	0.14284
candidate994	0.976153918469442	0.999663040323235	0.0405502186279968	0.465482718000547	0.41416
candidate995	0.901591276674183	0.999663040323235	0.00527206740124666	0.185894580930113	0.48524
candidate997	0.39717881453726	0.999663040323235	0.431047269613881	0.998286709684004	-0.047814
candidate998	0.97779807346231	0.999663040323235	0.0235356697353395	0.348054193128319	0.20821
candidate999	0.886265112450411	0.999663040323235	0.602115426166005	0.999987901646542	0.093126
CCND1	0.243902532054027	0.999663040323235	0.729583741054829	0.999987901646542	-0.2919
CDH4	0.98443802846007	0.999663040323235	0.162342637836979	0.703276964017904	0.30406
CELF1	0.629505580685901	0.999663040323235	0.758274855545382	0.999987901646542	-0.041346
CLEC2B	0.728068605651247	0.999663040323235	0.426185957092412	0.998286709684004	0.11872
CLSTN2	0.582364185210375	0.999663040323235	0.540102480308626	0.999987901646542	0.086065
CLSTN3	0.0803074451444903	0.680760034994064	0.809924771573446	0.999987901646542	-0.16229
DAG1	0.304286368340439	0.999663040323235	0.739965978985599	0.999987901646542	-0.22898
DMD	0.00183648128539398	0.0778385529424677	0.999336527834077	0.999987901646542	-0.98986
DNAH6	0.749275272635831	0.999663040323235	0.181614767176287	0.730792674562963	0.2204
DSCAML1	0.33397267520441	0.999663040323235	0.726261021928051	0.999987901646542	-0.21049
DTNB	0.874489436622404	0.999663040323235	0.470411720433544	0.999987901646542	0.09427
E2F2	0.32066793160959	0.999663040323235	0.88398520585447	0.999987901646542	-0.3723
EHMT2	0.000311880893569287	0.0389625801242041	0.995834197578043	0.999987901646542	-1.0486
EIF2AK4	0.887892595351108	0.999663040323235	0.236227013731268	0.788639333314499	0.12978
EIF3G	0.00126026983826633	0.0631280618986137	0.999836124685059	0.999987901646542	-1.2216
EIF5B	0.518252901683221	0.999663040323235	0.564372205084498	0.999987901646542	-0.17751
ENDOD1	0.999663040323235	0.999663040323235	0.000896320037925831	0.15385021366317	0.88917
EPC1	0.68154537509159	0.999663040323235	0.687373610314273	0.999987901646542	-0.029724
EPHA2	0.990019900457591	0.999663040323235	0.0599122006639261	0.49250990239678	0.46009
ERCC1	0.000468299830569244	0.0389625801242041	0.999846941168571	0.999987901646542	-1.6879
ETV6	0.252959139744232	0.999663040323235	0.864994802504564	0.999987901646542	-0.19703
FAM188A	0.227354741883541	0.986397344707331	0.866242983132079	0.999987901646542	-0.29778
FBN1	0.851807059017601	0.999663040323235	0.0827033257466139	0.532929024422574	0.23523
FBXL7	0.0294992061932536	0.396440551523969	0.525948738483467	0.999987901646542	-0.52835
FHOD3	0.285403969631675	0.999663040323235	0.0128239284037198	0.249510750283846	0.53889
FSIP1	0.486384260924404	0.999663040323235	0.317004814544013	0.909390167265146	0.093132
GALNT5	0.919443909816256	0.999663040323235	0.560736601824013	0.999987901646542	0.13922
GLTSCR2	0.52798214828386	0.999663040323235	0.33866317442304	0.922854906496333	-0.19174
GRIA1	0.59745124998386	0.999663040323235	0.0625693160939648	0.49250990239678	-0.077979
GRIA2	0.119537844836133	0.803236006154988	0.896234911409136	0.999987901646542	-0.37643
H19	0.68416979085684	0.999663040323235	0.185686168169785	0.741399120735881	0.056206
HNRNPM	0.26465446035566	0.999663040323235	0.816781168302708	0.999987901646542	-0.27934
IK	0.0889773702242458	0.720978396964109	0.944528571844337	0.999987901646542	-0.49183
ING5	0.860143760726858	0.999663040323235	0.00298864087955488	0.164674112463474	0.6306
KARS	0.469101371959789	0.999663040323235	0.765817592997209	0.999987901646542	-0.096837
KEAP1	0.898263752447773	0.999663040323235	0.31894101775227	0.909390167265146	0.11018
LATS1	0.709328071992526	0.999663040323235	0.323910162100097	0.909390167265146	0.1375
LCP1	0.0141142052770075	0.259230903587705	0.899969868817588	0.999987901646542	-0.93373
MEOX1	0.795666019918458	0.999663040323235	0.610494979060116	0.999987901646542	-0.037964
MSMO1	0.955423780420531	0.999663040323235	0.0665326603627308	0.499015832086418	0.34358
NF1	0.184312257098502	0.923645912081733	0.826703180376929	0.999987901646542	-0.3723
NFE2L2	0.252014117282715	0.999663040323235	0.985397030162293	0.999987901646542	-0.35986
NHP2L1	0.0131592927966691	0.250026563136713	0.938863274902452	0.999987901646542	-0.7099
OR5V1	0.499239208136211	0.999663040323235	0.187562306790166	0.743502381592674	-0.13865
OSBPL3	0.547446553349012	0.999663040323235	0.203062909316091	0.745565355290273	0.31008
OVCH2	0.95710788025181	0.999663040323235	0.192522186396651	0.745002370013295	0.15903
PAX5	0.128153453551236	0.840625629842034	0.945679715251354	0.999987901646542	-0.38228
PCDHGC4	0.162284380004804	0.897187611189905	0.448245215263965	0.999987901646542	-0.33586
PEAK1	0.908923563863347	0.999663040323235	0.28122081250914	0.856092086699096	0.11865
PIK3CG	0.490681393860404	0.999663040323235	0.398639705625746	0.972519738930715	-0.17706
PLK1	0.257623925027569	0.999663040323235	0.648786309097002	0.999987901646542	-0.34331
PLXNB2	0.631091252169258	0.999663040323235	0.297374286716481	0.885693145842059	0.16637
PPAP2C	0.284091790847207	0.999663040323235	0.667545615883912	0.999987901646542	-0.29543
PPIL2	0.000626445639676107	0.0389625801242041	0.979718013934453	0.999987901646542	-1.0435
PPP1R2P9	0.427894577721084	0.999663040323235	0.901742423544976	0.999987901646542	-0.10618
PRDM1	0.00757992266150405	0.208826869324437	0.99731102845005	0.999987901646542	-1.044
PTCH1	0.0262328587701022	0.39065689681963	0.984939978457817	0.999987901646542	-0.77955
PTEN	0.0191190104798906	0.32472062454628	0.781155498660501	0.999987901646542	-1.4642
RAMP1	0.0303293690866423	0.397892437303332	0.975244865826211	0.999987901646542	-0.65708
RB1	0.928589110585435	0.999663040323235	0.0670158969704327	0.499015832086418	0.30388
RBM5	0.91990199728405	0.999663040323235	0.166019581815945	0.703276964017904	0.17817
RNF111	0.787338912747331	0.999663040323235	0.504214338140346	0.999987901646542	-0.0064032
RNF43	0.19192980338625	0.940531984390394	0.849385986482739	0.999987901646542	-0.39895
RPL13	0.68263616159346	0.999663040323235	0.672374905729189	0.999987901646542	-0.0014882
RPL14	0.984933925568494	0.999663040323235	0.0320818893282969	0.411095837671897	0.33702
RPL18A	0.226685597251509	0.986397344707331	0.534845210553261	0.999987901646542	-0.38208
RPL21	0.104877639433908	0.756094857266735	0.599272576616184	0.999987901646542	-0.25631
RPL23	0.99748748658454	0.999663040323235	0.00934082392508507	0.226223249970543	0.61593
RPL23A	0.0508185785358968	0.530240233848032	0.91448193777937	0.999987901646542	-0.27151
RPL3	0.292942923664543	0.999663040323235	0.828342264380585	0.999987901646542	-0.22312
RPL30	0.198220460732293	0.941547188478394	0.983005200413726	0.999987901646542	-0.35752
RPL34	0.502489508722253	0.999663040323235	0.709737881754587	0.999987901646542	-0.0053528
RPL37	0.240855402803288	0.999663040323235	0.74259387207118	0.999987901646542	-0.055296
RPL37A	0.29193503560195	0.999663040323235	0.866015373875467	0.999987901646542	-0.32005
RPL39	0.792241903862483	0.999663040323235	0.114137980289876	0.582315066108536	0.35092
RPL5	0.619374792352794	0.999663040323235	0.0847570222098439	0.532929024422574	0.41504
RPL8	0.0072265794854469	0.208826869324437	0.970649394008215	0.999987901646542	-0.40626
RPS15A	0.0402165482307392	0.471474852662495	0.0601157452771368	0.49250990239678	-0.66287
RPS19	0.00605946104267233	0.185486835250692	0.999090131512519	0.999987901646542	-0.70491
RPS26	0.747755768581622	0.999663040323235	0.755589233677716	0.999987901646542	-0.054445
RPS3A	0.897949409509253	0.999663040323235	0.0100560089764114	0.226223249970543	0.41642
RPS6	0.609650365479615	0.999663040323235	0.88531309649664	0.999987901646542	-0.16687
RPS7	0.0959192177926469	0.74438716906688	0.97482505119309	0.999987901646542	-0.27006
RPS9	0.0522772596495595	0.530240233848032	0.993451856516814	0.999987901646542	-0.45356
RPSA	4.84953951437979e-05	0.0233730757136644	0.999262524568951	0.999987901646542	-1.3831
RRM2B	0.669623679197479	0.999663040323235	0.347733781531737	0.936710911531893	-0.096837
RSL24D1	0.655833158437268	0.999663040323235	0.552605883283125	0.999987901646542	0.04693
SERPINB8	0.407096879134378	0.999663040323235	0.839444616992166	0.999987901646542	-0.22475
SESN2	0.704617255393967	0.999663040323235	0.561482297794603	0.999987901646542	0.22743
SLC24A1	0.870414239950734	0.999663040323235	0.499402056200541	0.999987901646542	0.06133
SLC6A11	0.982248713212172	0.999663040323235	0.116943874598185	0.591156650491743	0.34783
SLC7A1	0.769216287228645	0.999663040323235	0.625949585803845	0.999987901646542	-0.02645
SMAD4	0.000188768330184279	0.0346704499771793	0.843365795521368	0.999987901646542	-1.4024
SNAPC5	0.0529277910374624	0.530240233848032	0.951152075567891	0.999987901646542	-0.64906
SNRNP200	8.48387503218308e-05	0.0233730757136644	0.999987901646542	0.999987901646542	-1.4149
SPHK1	0.310963154778179	0.999663040323235	0.833604691629535	0.999987901646542	-0.20691
SRGAP2	0.162126004077211	0.897187611189905	0.977587246084503	0.999987901646542	-0.37038
STK11	0.943849663074981	0.999663040323235	0.354621110838839	0.945030496887725	0.16219
TGFB1	0.175498751743326	0.920950592481644	0.656789508963396	0.999987901646542	-0.3999
TGFBR2	0.00299050227758865	0.109851116996756	0.998130144213444	0.999987901646542	-1.0491
THADA	0.782809640183722	0.999663040323235	0.178706413199007	0.729386916093725	0.18643
TP53	0.962426170808004	0.999663040323235	0.360776780244959	0.951138784282165	0.18695
TRHR	0.84586717250966	0.999663040323235	0.550869961156526	0.999987901646542	0.13188
TSSAAVS1	0.40459953656429	0.999663040323235	0.782650986063851	0.999987901646542	-0.071638
TSSABCA13	0.0194478776951493	0.32472062454628	0.889576889952126	0.999987901646542	-0.81866
TSSADAM17	0.990946821925213	0.999663040323235	0.00849608795077307	0.226223249970543	0.69586
TSSADAT1	0.31159870672931	0.999663040323235	0.889229312594479	0.999987901646542	-0.28663
TSSAKT1	0.844356916569582	0.999663040323235	0.418855472956115	0.990512298707379	0.076445
TSSALDH16A1	0.336841182686878	0.999663040323235	0.546553586510869	0.999987901646542	-0.10108
TSSATM	0.99380564056346	0.999663040323235	0.021192947879689	0.324369841158573	0.47097
TSSATP7A	0.879493481260488	0.999663040323235	0.392121380321458	0.970277465225214	0.10953
TSSATP7B	0.00229210448282042	0.0902106835738609	0.99983687871133	0.999987901646542	-0.90682
TSSATR	0.617259284049889	0.999663040323235	0.599413394200411	0.999987901646542	-0.10958
TSSBCL2L1	0.418644148326949	0.999663040323235	0.272497945253043	0.836452612020242	-0.046375
TSSBCL6B	0.164607773328594	0.897187611189905	0.988729129531244	0.999987901646542	-0.40805
TSSBECN1	0.00917050046197466	0.219722196436065	0.995822815865072	0.999987901646542	-0.88376
TSSBRCA2	0.000636412379524205	0.0389625801242041	0.990081777819933	0.999987901646542	-0.81184
TSSC1R	0.556048875437528	0.999663040323235	0.376837746277067	0.956855291238081	0.10154
TSSCADM1	0.998104393474509	0.999663040323235	0.0592448562428427	0.49250990239678	0.46023
TSSCCND1	0.103081303167431	0.756094857266735	0.779287462734139	0.999987901646542	-0.44733
TSSCDH4	0.00112565981966683	0.0620238560636426	0.999394143287996	0.999987901646542	-1.3004
TSSCELF1	0.00472588342697781	0.162747610516548	0.965841713169827	0.999987901646542	-0.84651
TSSCLEC2B	0.122949134783038	0.816204497174145	0.737311897324143	0.999987901646542	-0.31357
TSSCLSTN3	0.244582926701524	0.999663040323235	0.804341396193654	0.999987901646542	-0.2985
TSSDAG1	0.0121260987285539	0.247462237016045	0.700084955432796	0.999987901646542	-0.95103
TSSE2F2	0.979238834413525	0.999663040323235	0.201478523821554	0.745565355290273	0.33682
TSSEHMT2	0.773765891289095	0.999663040323235	0.392689427849769	0.970277465225214	0.12813
TSSEIF3G	0.860095481108691	0.999663040323235	0.0518620507158744	0.49250990239678	0.4363
TSSEIF5B	0.383992509829126	0.999663040323235	0.647768399226256	0.999987901646542	-0.096837
TSSEPC1	0.636347139619906	0.999663040323235	0.207951034649536	0.753822500604568	-0.058872
TSSEPHA2	0.999470411614793	0.999663040323235	0.00143774538135897	0.15385021366317	0.6045
TSSERCC1	0.182442626476674	0.923645912081733	0.971191904019493	0.999987901646542	-0.35986
TSSETV6	0.956387624729592	0.999663040323235	0.107758226625572	0.577949767889006	0.31254
TSSFAM188A	0.566336800834959	0.999663040323235	0.234320295441931	0.788639333314499	0.10146
TSSGLTSCR2	0.132812355202257	0.845543194990819	0.442838400718421	0.999987901646542	-0.25117
TSSGRIA2	0.697446111520638	0.999663040323235	0.772174692592547	0.999987901646542	-0.016628
TSSHNRNPM	0.64545076380373	0.999663040323235	0.746219707573727	0.999987901646542	-0.057449
TSSIK	0.673550633374447	0.999663040323235	0.793299335993657	0.999987901646542	-0.076419
TSSING5	0.849210123486297	0.999663040323235	0.674388418795778	0.999987901646542	0.0096725
TSSKARS	0.22064339021478	0.986397344707331	0.954825005737646	0.999987901646542	-0.33791
TSSKEAP1	0.0236886584408432	0.383895611791311	0.458114052083833	0.999987901646542	-0.80202
TSSLATS1	0.937877141270357	0.999663040323235	0.386462619161272	0.970277465225214	0.19266
TSSLCP1	0.195678279272151	0.940531984390394	0.988763222536216	0.999987901646542	-0.39831
TSSMSMO1	0.0127019518081025	0.249956265938016	0.948947142291866	0.999987901646542	-0.84569
TSSNF1	0.429708011150782	0.999663040323235	0.743053448069167	0.999987901646542	-0.11162
TSSNFE2L2	0.937149877178672	0.999663040323235	0.00966579564491867	0.226223249970543	0.2834
TSSNHP2L1	0.665157406066768	0.999663040323235	0.569125909563705	0.999987901646542	-0.039981
TSSOR5V1	0.663803813504629	0.999663040323235	0.622121069134525	0.999987901646542	0.061423
TSSPAX5	0.955531392152462	0.999663040323235	0.25497326670466	0.812082485284783	0.2378
TSSPCDHGC4	0.744374737177843	0.999663040323235	0.0725355852992003	0.516113060313592	0.35956
TSSPLK1	0.717398774679205	0.999663040323235	0.0680313325124636	0.499803522858233	1.0295
TSSPLXNB2	0.662414551922412	0.999663040323235	0.0190525458925667	0.318462059402562	0.57877
TSSPPAP2C	0.00035889391379498	0.0389625801242041	0.999845250552186	0.999987901646542	-1.2051
TSSPPIL2	0.46733411898501	0.999663040323235	0.475547478246813	0.999987901646542	0.013905
TSSPRDM1	0.554661530899433	0.999663040323235	0.51831267016853	0.999987901646542	-0.028199
TSSPTCH1	0.438533080569867	0.999663040323235	0.735797689124478	0.999987901646542	-0.16701
TSSRB1	0.779870037855877	0.999663040323235	0.603808073104037	0.999987901646542	0.024826
TSSRBM5	0.919267427258192	0.999663040323235	0.56698731459927	0.999987901646542	0.11326
TSSRNF43	0.404156336508706	0.999663040323235	0.0763318792547582	0.525735818367147	0.064474
TSSRPL3	0.726631752611544	0.999663040323235	0.148586640372194	0.68799360374016	-0.058872
TSSRPL8	0.064232881365958	0.601935947355536	0.872280672028561	0.999987901646542	-0.50621
TSSRRM2B	0.87574335728923	0.999663040323235	0.497582521608649	0.999987901646542	0.067391
TSSSERPINB8	0.984646054334629	0.999663040323235	0.126717829114296	0.629022737315108	0.35362
TSSSESN2	0.990848490537413	0.999663040323235	0.020190628174408	0.318462059402562	0.4992
TSSSLC24A1	0.900653919022443	0.999663040323235	0.0365174035751601	0.437414986302461	0.27315
TSSSLC7A1	0.789402238982204	0.999663040323235	0.528376266938547	0.999987901646542	0.12228
TSSSMAD4	0.998162000999721	0.999663040323235	0.0115769390464339	0.239226828564902	0.53861
TSSSNAPC5	0.454949954067418	0.999663040323235	0.83309122455605	0.999987901646542	-0.16776
TSSSNRNP200	0.992866969234293	0.999663040323235	0.0313084545319935	0.41073710588401	0.39723
TSSSPHK1	0.0284648131264411	0.396440551523969	0.99727405589476	0.999987901646542	-0.6967
TSSSRGAP2	0.566921691132473	0.999663040323235	0.812631725547578	0.999987901646542	-0.11222
TSSSTK11	0.769644246120903	0.999663040323235	0.376552995371195	0.956855291238081	0.072694
TSSTGFB1	0.00976827099462234	0.219722196436065	0.194701163851024	0.745002370013295	-0.88376
TSSTGFBR2	0.776886309053031	0.999663040323235	0.09607815671267	0.563181535624268	0.28688
TSSTP53	0.922289025660986	0.999663040323235	0.415398902421109	0.990512298707379	0.2188
TSSUCK1	0.569023848544992	0.999663040323235	0.823564589171612	0.999987901646542	-0.16776
TSSUSP24	0.821787968655416	0.999663040323235	0.168967045881604	0.703276964017904	0.18023
TSSWT1	0.883828065602249	0.999663040323235	0.311779517950085	0.908944520584638	0.12731
TSSXPA	0.915468438944019	0.999663040323235	0.219109249949346	0.77574294576341	0.23531
UCK1	0.670867982835248	0.999663040323235	0.504163604211232	0.999987901646542	0.072279
unknown2345	0.989115883046654	0.999663040323235	0.00917499660653592	0.226223249970543	0.52375
unknown466	0.450928237710302	0.999663040323235	0.700206568248708	0.999987901646542	-0.06145
USP24	0.638079589039398	0.999663040323235	0.38720975816699	0.970277465225214	-0.040456
WT1	0.158236773923622	0.897187611189905	0.085113891377834	0.532929024422574	-0.41501
XPA	0.166085546899039	0.897187611189905	0.84596781467967	0.999987901646542	-0.058872
