Gene	neg.pval	neg.fdr	pos.pval	pos.fdr	lfc
ABCA13	0.817044244414675	0.999991221846835	0.0899804713693143	0.597340237644484	0.23875
ADAM17	0.0951316022619927	0.738274828821943	0.988612717836771	0.999999967142524	-0.27461
ADAMTSL3	0.66331058288938	0.999991221846835	0.553600280720472	0.999999967142524	-0.0065949
ADAT1	0.00676970753602992	0.1492043540941	0.802931647196701	0.999999967142524	-0.23221
AKT1	0.209779343105648	0.979562864840781	0.902776809790514	0.999999967142524	0.021586
ALDH16A1	0.396324341659858	0.999991221846835	0.541210436638934	0.999999967142524	0.013693
ANKRD22	0.439904560652318	0.999991221846835	0.849240466683201	0.999999967142524	-0.024715
ASAP	0.533882835262712	0.999991221846835	0.523158415327461	0.999999967142524	0.053925
ATM	0.495020892239803	0.999991221846835	0.348653019899466	0.950411223101195	0.1461
ATP7A	0.0327494073688983	0.410111896824158	0.353951169163412	0.950411223101195	-0.059679
ATP7B	0.146500348635117	0.840141295082372	0.829908038789754	0.999999967142524	-0.23046
ATR	0.128861507646287	0.816122881759819	0.927662392993156	0.999999967142524	-0.27044
BCL2L1	0.492268230731268	0.999991221846835	0.514378396754578	0.999999967142524	-0.07289
BCL6B	0.152950249654905	0.859954975100539	0.990763212792974	0.999999967142524	-0.38693
BECN1	0.999063827143744	0.999991221846835	0.0146981849878069	0.337908653810585	0.45855
BRCA2	0.338213501756178	0.999991221846835	0.226396149218927	0.828541077541884	0.12471
C1R	0.906507188634075	0.999991221846835	0.165781207327962	0.774113942692431	0.27156
CADM1	0.0390056250238236	0.457278710385676	0.893841487846917	0.999999967142524	-0.82244
candidate5	0.988757884275812	0.999991221846835	0.25516677668555	0.857298133864258	0.3057
candidate50	0.786666200725926	0.999991221846835	0.111786722952568	0.65526047177516	0.32705
candidate500	0.0993704323798238	0.75250756567002	0.649161845518256	0.999999967142524	-0.19076
candidate501	0.294841274561196	0.999991221846835	0.98534589689577	0.999999967142524	-0.034654
candidate502	0.145199015591051	0.840141295082372	0.774720812481447	0.999999967142524	-0.28329
candidate503	0.44205799471218	0.999991221846835	0.91528716986128	0.999999967142524	0.041685
candidate504	0.00399388285070777	0.106593541945642	0.999735811866932	0.999999967142524	-0.39757
candidate505	0.38068122560719	0.999991221846835	0.535650455133023	0.999999967142524	-0.0077931
candidate506	0.779284804957437	0.999991221846835	0.111632268200323	0.65526047177516	0.6693
candidate507	0.544050056259388	0.999991221846835	0.822702824801114	0.999999967142524	-0.043078
candidate508	0.134976422648494	0.826355654214668	0.95166330302336	0.999999967142524	-0.34844
candidate509	0.235401424235317	0.999991221846835	0.74101034009245	0.999999967142524	0.01992
candidate51	0.952739702263816	0.999991221846835	0.158390691255175	0.765338488832286	0.17246
candidate510	0.0919323204682116	0.734126211275139	0.972766219457678	0.999999967142524	-0.34476
candidate511	0.192446394176447	0.964400129293123	0.928547846590363	0.999999967142524	-0.3182
candidate512	0.989695329218836	0.999991221846835	0.37529492933192	0.950411223101195	0.36147
candidate513	0.111853149619548	0.775483694338142	0.915691105991934	0.999999967142524	0.096191
candidate514	0.888739755944227	0.999991221846835	0.329925381788794	0.945500577520909	0.19222
candidate515	0.395355321542109	0.999991221846835	0.953485959098554	0.999999967142524	0.02032
candidate517	0.564977062423834	0.999991221846835	0.836803060752316	0.999999967142524	-0.24472
candidate518	0.894106023990748	0.999991221846835	0.678632556262423	0.999999967142524	0.17821
candidate519	0.416346520124593	0.999991221846835	0.579583523909607	0.999999967142524	0.01302
candidate52	0.185767054446867	0.964400129293123	0.72325473581716	0.999999967142524	-0.14037
candidate520	0.371375951734753	0.999991221846835	0.751606038038531	0.999999967142524	-0.27363
candidate521	0.677009962726982	0.999991221846835	0.446946592769071	0.999999967142524	0.035247
candidate522	0.832891062204388	0.999991221846835	0.651439273809051	0.999999967142524	0.087906
candidate523	0.640930417640109	0.999991221846835	0.212419608059894	0.828541077541884	0.057922
candidate524	0.0317131516438291	0.406370850133717	0.994614651660224	0.999999967142524	-0.40652
candidate525	0.0113029201864566	0.239534962412984	0.847376104154527	0.999999967142524	-0.48926
candidate527	0.467905806717961	0.999991221846835	0.961242906827313	0.999999967142524	-0.094699
candidate528	0.982513750382084	0.999991221846835	0.0515833109337519	0.492601557203363	0.24986
candidate529	0.521398551236445	0.999991221846835	0.798014190678934	0.999999967142524	-0.022165
candidate530	0.113005665024716	0.775483694338142	0.930383651499806	0.999999967142524	0.0024502
candidate531	0.627749383785084	0.999991221846835	0.258083731189808	0.857710383162148	0.18075
candidate532	0.22021843066343	0.994593076193033	0.751491558776097	0.999999967142524	-0.11907
candidate533	0.192533678246752	0.964400129293123	0.855929489445928	0.999999967142524	0.048267
candidate534	0.493656417279078	0.999991221846835	0.279517593713414	0.875726005615721	0.0022502
candidate535	0.98298446145304	0.999991221846835	0.343392892529244	0.950411223101195	0.25495
candidate536	0.927567166662597	0.999991221846835	0.219951909309261	0.828541077541884	0.25102
candidate537	0.715742064156001	0.999991221846835	0.862556492055219	0.999999967142524	0.059021
candidate538	0.963954956168904	0.999991221846835	0.0557807702778733	0.492601557203363	0.16213
candidate539	0.303349946738557	0.999991221846835	0.312776814873755	0.936630570627387	-0.069083
candidate54	0.71975926725705	0.999991221846835	0.594851318635497	0.999999967142524	0.010191
candidate541	0.409321253864608	0.999991221846835	0.893100600688657	0.999999967142524	-0.14247
candidate543	0.974844459664414	0.999991221846835	0.359326764498982	0.950411223101195	0.17257
candidate544	0.529473135348056	0.999991221846835	0.455307786331757	0.999999967142524	0.19905
candidate545	0.137123885842821	0.830277594498839	0.786157242829927	0.999999967142524	0.028446
candidate546	0.978225785089698	0.999991221846835	0.288830468307438	0.884142155763324	0.29557
candidate547	0.207617382363647	0.97775365540487	0.776864213012854	0.999999967142524	0.0085533
candidate549	0.955187370920608	0.999991221846835	0.0213850398098792	0.357065361674044	0.52174
candidate55	0.846159004703073	0.999991221846835	0.642263902620711	0.999999967142524	-0.028963
candidate550	0.181058559351705	0.95012634478847	0.550838783557868	0.999999967142524	-0.028913
candidate552	0.833509922401852	0.999991221846835	0.626624306830407	0.999999967142524	0.17678
candidate553	0.959861026195883	0.999991221846835	0.477641128460636	0.999999967142524	0.080919
candidate554	0.250958082260624	0.999991221846835	0.772355256405385	0.999999967142524	-0.26741
candidate555	0.688964463529013	0.999991221846835	0.202186038421468	0.828541077541884	-0.049207
candidate556	0.782643702186492	0.999991221846835	0.614936632029095	0.999999967142524	0.026557
candidate557	0.302863609582303	0.999991221846835	0.78178746782836	0.999999967142524	-0.032869
candidate558	0.873330587213522	0.999991221846835	0.224395279701698	0.828541077541884	0.23509
candidate56	0.994940043641722	0.999991221846835	0.063734459172071	0.521940885801677	0.3069
candidate560	0.997251956247768	0.999991221846835	0.00969660171260421	0.314283973155583	0.30406
candidate561	0.96889905458378	0.999991221846835	0.489940263761742	0.999999967142524	0.18786
candidate562	0.828357609333534	0.999991221846835	0.744659019727122	0.999999967142524	0.052994
candidate563	0.196907792493316	0.968716014855512	0.800495798271417	0.999999967142524	-0.021321
candidate564	0.446523347849791	0.999991221846835	0.914564945897529	0.999999967142524	-0.2064
candidate566	0.127966814793818	0.816122881759819	0.994513462437083	0.999999967142524	-0.27433
candidate567	0.923443520028782	0.999991221846835	0.374833144391311	0.950411223101195	0.077794
candidate568	0.727485107568283	0.999991221846835	0.116689290074268	0.669747904488769	0.058732
candidate569	0.468922177410819	0.999991221846835	0.404869403423728	0.960502605736867	0.40465
candidate57	0.93162901411156	0.999991221846835	0.510925658700954	0.999999967142524	0.14936
candidate570	0.658602379616987	0.999991221846835	0.156533193106808	0.765338488832286	0.0045364
candidate571	0.722788248924926	0.999991221846835	0.595571894281569	0.999999967142524	0.037241
candidate572	0.112830201863802	0.775483694338142	0.978151829173462	0.999999967142524	-0.40907
candidate573	0.591003716166803	0.999991221846835	0.39010858747053	0.950411223101195	-0.10693
candidate574	0.920188177959828	0.999991221846835	0.321479039307347	0.941712557526797	0.13921
candidate575	0.670516064738619	0.999991221846835	0.458610814983885	0.999999967142524	0.13027
candidate576	0.422631283431717	0.999991221846835	0.0781203673735573	0.573924298971068	-0.10545
candidate577	0.0166394629271158	0.286510752276275	0.968178059101306	0.999999967142524	-0.025097
candidate578	0.808757075728012	0.999991221846835	0.0968250722383265	0.613225457509401	0.14849
candidate579	0.938050818717352	0.999991221846835	0.298762823128754	0.909493456043886	0.035401
candidate58	0.0900637324226269	0.733164614811455	0.910117053748482	0.999999967142524	-0.016662
candidate580	0.996094705559674	0.999991221846835	0.082875745583043	0.578032098939958	0.26721
candidate581	0.508191204156263	0.999991221846835	0.444282100642831	0.999999967142524	0.024919
candidate584	0.842119606818234	0.999991221846835	0.722095220968988	0.999999967142524	0.0055571
candidate585	0.488105056179966	0.999991221846835	0.916906481068511	0.999999967142524	0.007069
candidate586	0.523665073825731	0.999991221846835	0.697501401984931	0.999999967142524	0.037465
candidate587	0.470260707152581	0.999991221846835	0.783924456186726	0.999999967142524	0.13635
candidate588	0.0440416328818429	0.505561244122821	0.992112850153964	0.999999967142524	-0.59494
candidate589	0.0996970096078248	0.75250756567002	0.610152497001357	0.999999967142524	-0.096171
candidate59	0.296220510879728	0.999991221846835	0.855868245167557	0.999999967142524	-0.014317
candidate590	0.752261485200342	0.999991221846835	0.0313825074125521	0.41723956260865	0.38942
candidate591	0.64522873391419	0.999991221846835	0.223032101382316	0.828541077541884	-0.14379
candidate592	0.661867406461347	0.999991221846835	0.796057247150811	0.999999967142524	-0.091722
candidate593	0.552127899507779	0.999991221846835	0.185207193982576	0.816393311075197	-0.035234
candidate594	0.863633840836231	0.999991221846835	0.44349043385675	0.999999967142524	0.073052
candidate595	0.746980940653906	0.999991221846835	0.728568034835577	0.999999967142524	0.003607
candidate596	0.401164829847318	0.999991221846835	0.71096485106685	0.999999967142524	0.032698
candidate597	0.452392090961966	0.999991221846835	0.695627899507209	0.999999967142524	0.11375
candidate598	0.724109477141074	0.999991221846835	0.815096592695911	0.999999967142524	0.030779
candidate599	0.915438944747563	0.999991221846835	0.393273609559115	0.950411223101195	0.10332
candidate6	0.0687457355948077	0.664542110749808	0.993320653494157	0.999999967142524	-0.25599
candidate60	0.448464383895946	0.999991221846835	0.98322071304554	0.999999967142524	-0.18001
candidate600	0.288529404595569	0.999991221846835	0.573602026642055	0.999999967142524	0.16989
candidate601	0.419473872079723	0.999991221846835	0.912191464981759	0.999999967142524	-0.14485
candidate602	0.635578374211856	0.999991221846835	0.590389275299764	0.999999967142524	-0.0012066
candidate603	0.9874125351075	0.999991221846835	0.0744673353269407	0.562075366645813	0.24649
candidate604	0.220096085621551	0.994593076193033	0.950755856333355	0.999999967142524	-0.054959
candidate605	0.996641830196369	0.999991221846835	0.0507069171556965	0.492601557203363	0.18794
candidate606	0.430686608915197	0.999991221846835	0.552571278653804	0.999999967142524	0.21613
candidate607	0.899588237923569	0.999991221846835	0.0653610183671792	0.521940885801677	0.25641
candidate608	0.336658397239876	0.999991221846835	0.916108321954677	0.999999967142524	-0.058822
candidate609	0.88159111713313	0.999991221846835	0.186785244651932	0.816814839708053	0.15814
candidate61	0.632957640184479	0.999991221846835	0.866204716860715	0.999999967142524	0.018373
candidate610	0.443886606719769	0.999991221846835	0.88713999164405	0.999999967142524	-0.20843
candidate612	0.979246932093019	0.999991221846835	0.0960344136337896	0.613225457509401	0.18962
candidate613	0.477033857028466	0.999991221846835	0.192106201478841	0.820546643525903	-0.056643
candidate614	0.707683514706145	0.999991221846835	0.377485442621314	0.950411223101195	-0.1902
candidate615	0.849012861315637	0.999991221846835	0.0302598649624136	0.41723956260865	0.32272
candidate616	0.330767226010361	0.999991221846835	0.445687867416682	0.999999967142524	0.27698
candidate617	0.506134021834096	0.999991221846835	0.761008397592966	0.999999967142524	-0.11833
candidate619	0.842792440080035	0.999991221846835	0.381744284533395	0.950411223101195	0.1858
candidate62	0.0308447819168048	0.404654162765701	0.909949406671149	0.999999967142524	-0.43993
candidate620	0.0856079284060561	0.725691823872876	0.908396196066438	0.999999967142524	-0.32644
candidate621	0.765776523278426	0.999991221846835	0.647779041852069	0.999999967142524	-0.04459
candidate622	0.399039255414092	0.999991221846835	0.243550212685871	0.854752657260605	-0.03665
candidate623	0.987662405744401	0.999991221846835	0.064114774956301	0.521940885801677	0.2662
candidate624	0.124528186965869	0.816122881759819	0.918309435066885	0.999999967142524	-0.053172
candidate625	0.795055358687917	0.999991221846835	0.20822405117727	0.828541077541884	0.50624
candidate626	0.83289541066012	0.999991221846835	0.733527911186414	0.999999967142524	0.021465
candidate627	0.537632504087176	0.999991221846835	0.474625685866901	0.999999967142524	0.22965
candidate628	0.996265195296047	0.999991221846835	0.0157241994088662	0.337908653810585	0.32606
candidate629	0.823152660924425	0.999991221846835	0.184046362782349	0.816393311075197	0.15392
candidate63	0.128347800069871	0.816122881759819	0.722694851466062	0.999999967142524	-0.23148
candidate630	0.352081372678155	0.999991221846835	0.771902197613155	0.999999967142524	-0.027087
candidate631	0.351256932198649	0.999991221846835	0.31775365821455	0.941712557526797	0.14964
candidate632	0.876573387138195	0.999991221846835	0.674748609546749	0.999999967142524	0.15819
candidate633	0.812944116875262	0.999991221846835	0.0560562383300182	0.492601557203363	0.31502
candidate634	0.438383997452417	0.999991221846835	0.343981339662022	0.950411223101195	-0.10857
candidate635	0.33901213205662	0.999991221846835	0.763772781883525	0.999999967142524	0.11352
candidate636	0.160957592583691	0.895608149169618	0.868980288487436	0.999999967142524	0.053941
candidate637	0.999535619503009	0.999991221846835	0.0173163366416086	0.337908653810585	0.48241
candidate639	0.553595245399814	0.999991221846835	0.671671284637639	0.999999967142524	0.023535
candidate64	0.0650936278069722	0.640474802172173	0.695345794104649	0.999999967142524	-0.52474
candidate640	0.987335352909384	0.999991221846835	0.260692008800358	0.8601275260419	0.23383
candidate641	0.0286141443169686	0.3845461833817	0.999709518630486	0.999999967142524	-0.4445
candidate642	0.552383597102403	0.999991221846835	0.601051791515901	0.999999967142524	0.036241
candidate643	0.46913777570641	0.999991221846835	0.892965617084725	0.999999967142524	-0.062789
candidate644	0.830932309061249	0.999991221846835	0.267481919363517	0.872086021120106	0.3968
candidate645	0.174476435605581	0.924389577102646	0.258402765163188	0.857710383162148	-0.16139
candidate646	0.997747366368262	0.999991221846835	0.0362991991360026	0.444463527198609	0.31871
candidate647	0.66820215279298	0.999991221846835	0.768160293581514	0.999999967142524	0.077364
candidate648	0.992398212019982	0.999991221846835	0.190525172632032	0.820151329064449	0.23147
candidate649	0.643176942208837	0.999991221846835	0.480333682233615	0.999999967142524	0.2246
candidate65	0.471485726277459	0.999991221846835	0.400436425908982	0.960502605736867	-0.094255
candidate650	0.397385388241255	0.999991221846835	0.957858436205718	0.999999967142524	-0.23644
candidate652	0.932456288415005	0.999991221846835	0.0948631617176814	0.613225457509401	-0.018577
candidate653	0.722164874427655	0.999991221846835	0.370501175021135	0.950411223101195	0.1417
candidate654	0.374987865984325	0.999991221846835	0.947540816592831	0.999999967142524	-0.28719
candidate655	0.0527418221157625	0.561896615331403	0.437182489370132	0.999999967142524	-0.14573
candidate656	0.26508676518334	0.999991221846835	0.991294246941713	0.999999967142524	-0.16368
candidate657	0.885209375964831	0.999991221846835	0.121769355680854	0.684641989593374	0.16093
candidate658	0.296464939136196	0.999991221846835	0.948582451830607	0.999999967142524	-0.12163
candidate659	0.866420274581352	0.999991221846835	0.0118723604553537	0.337908653810585	0.26935
candidate66	0.893481057325155	0.999991221846835	0.36308014141191	0.950411223101195	0.11541
candidate660	0.607755559670401	0.999991221846835	0.504830721373674	0.999999967142524	0.027437
candidate661	0.99977397532934	0.999991221846835	0.00646975502316018	0.277714450737581	0.52921
candidate662	0.933810852081411	0.999991221846835	0.171929922275043	0.789444893112905	0.11712
candidate663	0.19428024383219	0.964400129293123	0.266692044710423	0.872086021120106	-0.21753
candidate664	0.686505104119787	0.999991221846835	0.084000474174687	0.578553265878157	-0.099616
candidate665	0.985901792583339	0.999991221846835	0.331182597933821	0.945500577520909	0.32422
candidate666	0.658295941154827	0.999991221846835	0.200813482587513	0.828541077541884	0.26204
candidate667	0.581160902179638	0.999991221846835	0.389925096203597	0.950411223101195	0.098146
candidate668	0.619746840208599	0.999991221846835	0.807720763495102	0.999999967142524	0.068748
candidate669	0.956482176562792	0.999991221846835	0.139689995765173	0.726124411949152	0.073358
candidate67	0.410307111496065	0.999991221846835	0.715046579003469	0.999999967142524	-0.0093402
candidate670	0.302847379043285	0.999991221846835	0.145100369388302	0.747199098438828	0.080277
candidate672	0.932340922961919	0.999991221846835	0.233300527023974	0.837334223147006	0.067548
candidate673	0.0608214387829045	0.609320232170553	0.982768562159228	0.999999967142524	-0.37235
candidate674	0.833261182959731	0.999991221846835	0.22665754919975	0.828541077541884	0.2246
candidate675	0.556963425587343	0.999991221846835	0.904829503162997	0.999999967142524	-0.16675
candidate676	0.0804711046378647	0.715154494442959	0.680077401664462	0.999999967142524	-0.24536
candidate677	0.103140134528918	0.757736188339116	0.215980332695412	0.828541077541884	-0.21428
candidate678	0.709024472778488	0.999991221846835	0.500512215575991	0.999999967142524	0.059072
candidate68	0.943159335220738	0.999991221846835	0.705530966466747	0.999999967142524	-0.0070875
candidate681	0.795111530825821	0.999991221846835	0.00344467359051732	0.242033013910817	0.37929
candidate682	0.251275160318239	0.999991221846835	0.617713214854611	0.999999967142524	-0.054025
candidate683	0.455079592323005	0.999991221846835	0.47782039251313	0.999999967142524	0.3207
candidate684	0.622071854812836	0.999991221846835	0.545319763569077	0.999999967142524	-0.025558
candidate685	0.0781119764928827	0.705568836845547	0.720342353199693	0.999999967142524	-0.36294
candidate686	0.268464557236793	0.999991221846835	0.797011814159288	0.999999967142524	-0.19034
candidate687	0.402121545595584	0.999991221846835	0.923330925713424	0.999999967142524	-0.23941
candidate690	0.467487765474273	0.999991221846835	0.841632711493402	0.999999967142524	0.026986
candidate691	0.710994725639549	0.999991221846835	0.714659390607703	0.999999967142524	0.067783
candidate692	0.930488801444099	0.999991221846835	0.48785276673727	0.999999967142524	0.2211
candidate693	0.811082370918152	0.999991221846835	0.390261887186367	0.950411223101195	0.24266
candidate694	0.776600494970609	0.999991221846835	0.101664089337659	0.621199085489046	0.23473
candidate695	0.999319273913884	0.999991221846835	0.00756028450283797	0.277714450737581	0.51846
candidate696	0.630914408488383	0.999991221846835	0.87528175031262	0.999999967142524	-0.12175
candidate697	0.535940919166233	0.999991221846835	0.760052658844882	0.999999967142524	0.055328
candidate698	0.988548612291704	0.999991221846835	0.0554902526465803	0.492601557203363	0.2651
candidate699	0.832228701968471	0.999991221846835	0.501495251346914	0.999999967142524	0.057224
candidate7	0.0551873537044249	0.573740224361097	0.755602852725233	0.999999967142524	0.061886
candidate70	0.00358898513137314	0.106593541945642	0.714948662557451	0.999999967142524	-0.46373
candidate700	0.917629118729056	0.999991221846835	0.284491751370624	0.875726005615721	0.050488
candidate701	0.246247721702139	0.999991221846835	0.148163471914617	0.748973147017929	0.22406
candidate704	0.702236644017253	0.999991221846835	0.045206031124852	0.492601557203363	0.081346
candidate705	0.918915627590619	0.999991221846835	0.681818312506647	0.999999967142524	0.12299
candidate706	0.745969987950608	0.999991221846835	0.37464146986902	0.950411223101195	0.14116
candidate707	0.995386156685509	0.999991221846835	0.0815845408379945	0.576321564124807	0.36092
candidate708	0.899926959240628	0.999991221846835	0.580307790382835	0.999999967142524	0.037065
candidate709	0.978175168938044	0.999991221846835	0.616514148522335	0.999999967142524	0.12621
candidate71	0.00163744991524372	0.0627851899342034	0.081432601975072	0.576321564124807	-1.042
candidate710	0.806676805033576	0.999991221846835	0.824645307039246	0.999999967142524	0.063681
candidate711	0.994266751594616	0.999991221846835	0.228563055873623	0.828541077541884	0.29538
candidate712	0.991388464901507	0.999991221846835	0.14666574131577	0.748266883935083	0.19687
candidate714	0.923203376918384	0.999991221846835	0.441141489585935	0.999999967142524	0.083052
candidate715	0.961598248821959	0.999991221846835	0.328781362667272	0.945500577520909	0.23704
candidate717	0.621860977791411	0.999991221846835	0.874175654600536	0.999999967142524	-0.15789
candidate718	0.478500367045003	0.999991221846835	0.911953617547318	0.999999967142524	-0.18071
candidate719	0.685548733426705	0.999991221846835	0.885438860448499	0.999999967142524	-0.077058
candidate72	0.994237580138621	0.999991221846835	0.387125441544178	0.950411223101195	0.22314
candidate720	0.144503826716109	0.840141295082372	0.692537008243113	0.999999967142524	-0.44719
candidate721	0.849102300666534	0.999991221846835	0.404283063094242	0.960502605736867	0.099441
candidate722	0.352721895659743	0.999991221846835	0.351122019458721	0.950411223101195	0.09132
candidate723	0.995419381980337	0.999991221846835	0.0325613451763556	0.41723956260865	0.19741
candidate725	0.955880308339289	0.999991221846835	0.550241185287508	0.999999967142524	0.066556
candidate726	0.133027713331275	0.823576067927333	0.475089063330219	0.999999967142524	0.076039
candidate727	0.787150286888031	0.999991221846835	0.609723007646126	0.999999967142524	-0.05412
candidate728	0.986819448466155	0.999991221846835	0.0254355728271835	0.400428589365088	0.57289
candidate729	0.526387701204008	0.999991221846835	0.84995824205621	0.999999967142524	-0.11601
candidate73	0.0277956726125054	0.3845461833817	0.379833040406395	0.950411223101195	-0.41329
candidate731	0.962599570967414	0.999991221846835	0.00656153874963712	0.277714450737581	0.24676
candidate732	0.450757376776866	0.999991221846835	0.711992715746913	0.999999967142524	-0.15456
candidate733	0.203008768685306	0.976766873149157	0.453903126444976	0.999999967142524	0.092169
candidate734	0.620859773028607	0.999991221846835	0.684341386941833	0.999999967142524	-0.059475
candidate735	0.466621604388353	0.999991221846835	0.948983662970364	0.999999967142524	-0.11219
candidate736	0.952048295933737	0.999991221846835	0.450227701675619	0.999999967142524	0.20998
candidate737	0.979465550636873	0.999991221846835	0.0461949492088379	0.492601557203363	0.24406
candidate738	0.98106990739138	0.999991221846835	0.152886594902747	0.765338488832286	0.19185
candidate739	0.507143887477305	0.999991221846835	0.915078186343854	0.999999967142524	0.0032678
candidate74	0.588894660434304	0.999991221846835	0.0249569353444359	0.400428589365088	0.54201
candidate740	0.401601519253379	0.999991221846835	0.989588212149122	0.999999967142524	-0.21691
candidate741	0.909045074752759	0.999991221846835	0.369122191983462	0.950411223101195	0.19453
candidate742	0.530676704652583	0.999991221846835	0.335012123932686	0.950411223101195	0.047905
candidate743	0.830260335303223	0.999991221846835	0.53158480466708	0.999999967142524	-0.065335
candidate744	0.999991221846835	0.999991221846835	1.20671320714326e-05	0.00664898977135939	0.73156
candidate745	0.84201000670435	0.999991221846835	0.440200981540317	0.999999967142524	0.11957
candidate746	0.0741383413385774	0.692376713178918	0.844687761902662	0.999999967142524	-0.30302
candidate748	0.244615757321842	0.999991221846835	0.960497846920494	0.999999967142524	-0.2417
candidate749	0.852747881914675	0.999991221846835	0.392286672918922	0.950411223101195	0.17969
candidate75	0.880498319008939	0.999991221846835	0.276801044356306	0.875726005615721	0.19044
candidate750	0.856254500033385	0.999991221846835	0.513471835937346	0.999999967142524	0.32499
candidate751	0.99584826988525	0.999991221846835	0.0267908663434128	0.410049093200568	0.39776
candidate752	0.238403025863408	0.999991221846835	0.926802967805153	0.999999967142524	-0.19239
candidate753	0.131036382974107	0.82046644339469	0.670650736587437	0.999999967142524	-0.37384
candidate754	0.522461228986969	0.999991221846835	0.914817247095873	0.999999967142524	-0.10852
candidate755	0.576917502080902	0.999991221846835	0.779070082077832	0.999999967142524	0.047194
candidate756	0.363008900837561	0.999991221846835	0.228524150566461	0.828541077541884	-0.012794
candidate757	0.839686105789861	0.999991221846835	0.234028076886822	0.837334223147006	0.16176
candidate759	0.892876692342186	0.999991221846835	0.125205996054547	0.689080410707383	0.25286
candidate76	0.511020792553733	0.999991221846835	0.919096020405647	0.999999967142524	-0.18458
candidate760	0.967201560830718	0.999991221846835	0.120106576064139	0.682254880529284	0.35017
candidate761	0.983237115984607	0.999991221846835	0.125698407808627	0.689080410707383	0.30606
candidate762	0.969643338372616	0.999991221846835	0.307938962190524	0.932276748170213	0.042562
candidate763	0.487019368284375	0.999991221846835	0.220755034342907	0.828541077541884	0.011724
candidate764	0.502541446061599	0.999991221846835	0.282265525485208	0.875726005615721	0.099687
candidate767	0.965393286803349	0.999991221846835	0.443003557621397	0.999999967142524	0.10776
candidate768	0.993725172505413	0.999991221846835	0.0298434143923938	0.41723956260865	0.27471
candidate769	0.828136125737484	0.999991221846835	0.788832786970589	0.999999967142524	0.0057928
candidate77	0.688957645678595	0.999991221846835	0.886852281175049	0.999999967142524	-0.10394
candidate770	0.85554869712934	0.999991221846835	0.356079233034116	0.950411223101195	0.073748
candidate771	0.631489065836659	0.999991221846835	0.817069937295925	0.999999967142524	-0.13269
candidate772	0.964427200835896	0.999991221846835	0.506048454509508	0.999999967142524	0.14325
candidate773	0.143738748398689	0.840141295082372	0.929877884432972	0.999999967142524	-0.40397
candidate774	0.276245045633706	0.999991221846835	0.343709613726461	0.950411223101195	-0.061899
candidate775	0.729619327496523	0.999991221846835	0.531713941922122	0.999999967142524	0.024029
candidate776	0.650399181786978	0.999991221846835	0.323950067914654	0.941712557526797	0.056554
candidate777	0.396976669932423	0.999991221846835	0.966615758668449	0.999999967142524	-0.24322
candidate778	0.899151327490706	0.999991221846835	0.222270079641164	0.828541077541884	0.22557
candidate779	0.631615924521398	0.999991221846835	0.661443055037837	0.999999967142524	-0.10545
candidate78	0.943551474706364	0.999991221846835	0.213470851457825	0.828541077541884	0.25652
candidate780	0.111230041625118	0.775483694338142	0.893877872935624	0.999999967142524	-0.23068
candidate782	0.472753990735705	0.999991221846835	0.170669154079506	0.789444893112905	0.10118
candidate783	0.392337534686743	0.999991221846835	0.764627747131482	0.999999967142524	0.098963
candidate784	0.490680025575771	0.999991221846835	0.779209888757636	0.999999967142524	-0.021931
candidate786	0.529023873250875	0.999991221846835	0.846702821748128	0.999999967142524	-0.058779
candidate787	0.976192431296517	0.999991221846835	0.473711646903287	0.999999967142524	0.19803
candidate789	0.981587153293651	0.999991221846835	0.0518221868849216	0.492601557203363	0.34255
candidate79	0.315651100935663	0.999991221846835	0.946075432677513	0.999999967142524	-0.26771
candidate790	0.525606139814757	0.999991221846835	0.74429648984731	0.999999967142524	-0.035048
candidate792	0.00406254878558708	0.106593541945642	0.925018646857062	0.999999967142524	-0.55293
candidate793	0.595138489033893	0.999991221846835	0.715675844314731	0.999999967142524	0.13054
candidate794	0.0827541531669361	0.723770450713996	0.910869189947441	0.999999967142524	-0.25702
candidate795	0.905498126871884	0.999991221846835	0.410469144974352	0.966532046499437	0.017104
candidate796	0.00394859478465817	0.106593541945642	0.998267491300357	0.999999967142524	-0.64302
candidate797	0.939356116402427	0.999991221846835	0.570980078253265	0.999999967142524	0.053108
candidate798	0.901685360784925	0.999991221846835	0.497787312612509	0.999999967142524	0.16044
candidate799	0.904638204647287	0.999991221846835	0.503234653939713	0.999999967142524	0.20864
candidate9	0.980973216280866	0.999991221846835	0.00117708500078208	0.216191278476976	0.47099
candidate90	0.0482361819837315	0.542410944347674	0.52290100491519	0.999999967142524	-0.29599
candidate900	0.882226789589108	0.999991221846835	0.274427000161326	0.875726005615721	0.16501
candidate901	0.569682164077952	0.999991221846835	0.386559914527395	0.950411223101195	0.0033079
candidate905	0.93181832413772	0.999991221846835	0.0177263138439768	0.337908653810585	0.40828
candidate909	0.992147226900904	0.999991221846835	0.254892449768252	0.857298133864258	0.2139
candidate91	0.348632254674579	0.999991221846835	0.979546177158849	0.999999967142524	-0.17058
candidate92	0.997941640773777	0.999991221846835	0.017691699759263	0.337908653810585	0.37998
candidate93	0.559952300964128	0.999991221846835	0.349959271027852	0.950411223101195	0.060034
candidate931	0.427358591317483	0.999991221846835	0.904526555100784	0.999999967142524	-0.28587
candidate932	0.693005742324976	0.999991221846835	0.895396201118918	0.999999967142524	-0.052647
candidate933	0.00639746530165218	0.146875140883765	0.99843046523043	0.999999967142524	-0.4747
candidate935	0.943470906248548	0.999991221846835	0.128784279577762	0.689080410707383	0.13235
candidate937	0.651369154246722	0.999991221846835	0.806148318464338	0.999999967142524	0.0038199
candidate938	0.814599162269978	0.999991221846835	0.670715254679742	0.999999967142524	0.019185
candidate94	0.226845910098448	0.999991221846835	0.757986581874913	0.999999967142524	-0.0070344
candidate940	0.74502148984492	0.999991221846835	0.541224611709915	0.999999967142524	0.057128
candidate941	0.994090302429069	0.999991221846835	0.0520921347150507	0.492601557203363	0.34497
candidate942	0.574362724525509	0.999991221846835	0.517370937942819	0.999999967142524	0.092754
candidate946	0.485123176579098	0.999991221846835	0.842131074023082	0.999999967142524	-0.17939
candidate947	0.845074226261077	0.999991221846835	0.5698543832635	0.999999967142524	0.0099351
candidate948	0.863799578942273	0.999991221846835	0.402190293647343	0.960502605736867	0.057508
candidate949	0.741283201170978	0.999991221846835	0.183699916317855	0.816393311075197	0.24468
candidate953	0.846883997197893	0.999991221846835	0.0190529221582123	0.338650326102419	0.36528
candidate955	0.0131757312157441	0.250622315716797	0.905486548369708	0.999999967142524	-0.54546
candidate957	0.784545783190159	0.999991221846835	0.546385488657034	0.999999967142524	0.10396
candidate958	0.903870149939592	0.999991221846835	0.115479334417866	0.669747904488769	0.30011
candidate962	0.968277946445412	0.999991221846835	0.406165348705427	0.960502605736867	0.14793
candidate964	0.910372511688067	0.999991221846835	0.0780153484012706	0.573924298971068	0.40498
candidate966	0.443443102448906	0.999991221846835	0.926205116378551	0.999999967142524	-0.10343
candidate967	0.312691362689956	0.999991221846835	0.635563659985507	0.999999967142524	-0.10687
candidate97	0.817402177027281	0.999991221846835	0.800300143148154	0.999999967142524	0.039207
candidate972	0.821742680025387	0.999991221846835	0.477903335098225	0.999999967142524	0.13031
candidate977	0.493878581057597	0.999991221846835	0.661501207299537	0.999999967142524	0.11901
candidate978	0.662260110819416	0.999991221846835	0.864550136312241	0.999999967142524	-0.071643
candidate979	0.774357251309821	0.999991221846835	0.659773166196367	0.999999967142524	0.12069
candidate98	0.275654639221906	0.999991221846835	0.988277381254028	0.999999967142524	-0.28514
candidate980	0.667876066919027	0.999991221846835	0.564060798294345	0.999999967142524	0.1889
candidate984	0.279433748318173	0.999991221846835	0.589235493345245	0.999999967142524	-0.0064282
candidate986	0.985848456592362	0.999991221846835	0.506391937641462	0.999999967142524	0.22178
candidate987	0.323716062703671	0.999991221846835	0.726415179706105	0.999999967142524	0.085884
candidate989	0.899145829896675	0.999991221846835	0.228403927276786	0.828541077541884	0.06826
candidate99	0.977651849533787	0.999991221846835	0.0557145054805633	0.492601557203363	0.13195
candidate990	0.675397398096038	0.999991221846835	0.787023582535705	0.999999967142524	-0.017335
candidate992	0.85031644989546	0.999991221846835	0.243046771333205	0.854752657260605	-0.05407
candidate994	0.987667506023378	0.999991221846835	0.104853998425143	0.62798427317667	0.3482
candidate995	0.958585179164111	0.999991221846835	0.0310199298901105	0.41723956260865	0.36211
candidate997	0.735319224785897	0.999991221846835	0.175783347661231	0.80046797158131	0.041351
candidate998	0.91671271280646	0.999991221846835	0.0461121056419458	0.492601557203363	0.24788
candidate999	0.975127164657715	0.999991221846835	0.0742772138628	0.562075366645813	0.20809
CCND1	0.273511483709291	0.999991221846835	0.990994876068826	0.999999967142524	-0.28126
CDH4	0.989918596924104	0.999991221846835	0.207436857637734	0.828541077541884	0.27191
CELF1	0.85221174076595	0.999991221846835	0.77741143031605	0.999999967142524	0.099564
CLEC2B	0.462452863974244	0.999991221846835	0.0889198931070332	0.597340237644484	0.081329
CLSTN2	0.981308993218498	0.999991221846835	0.384759927859226	0.950411223101195	0.12029
CLSTN3	0.488345043583993	0.999991221846835	0.629884108092404	0.999999967142524	0.11019
DAG1	0.746683336204484	0.999991221846835	0.319799424632432	0.941712557526797	0.1277
DMD	5.17311270435413e-06	0.000712596275024781	0.822535664896743	0.999999967142524	-1.0577
DNAH6	0.561600752978768	0.999991221846835	0.272534744256798	0.875726005615721	-0.020209
DSCAML1	0.282382851924417	0.999991221846835	0.869669727102241	0.999999967142524	-0.078698
DTNB	0.711417589031905	0.999991221846835	0.797678557025606	0.999999967142524	0.053987
E2F2	0.655560067273082	0.999991221846835	0.237772382040754	0.845242467770682	0.38243
EHMT2	0.000268122381397888	0.0255740099575199	0.998556823851169	0.999999967142524	-0.7021
EIF2AK4	0.946501239084184	0.999991221846835	0.46899428949077	0.999999967142524	0.1121
EIF3G	8.87697144943832e-07	0.000440749372127814	0.999999967142524	0.999999967142524	-0.91581
EIF5B	0.505919612867729	0.999991221846835	0.391569580206786	0.950411223101195	-0.0054837
ENDOD1	0.938381393072317	0.999991221846835	0.00433942028301674	0.242033013910817	0.65529
EPC1	0.946877447191429	0.999991221846835	0.272587059447946	0.875726005615721	0.10643
EPHA2	0.999832676361856	0.999991221846835	0.00816776654344074	0.281277460339741	0.60424
ERCC1	0.00263117841218205	0.0884440414039963	0.999254849693514	0.999999967142524	-0.33289
ETV6	0.229705339314614	0.999991221846835	0.360960656357496	0.950411223101195	-0.22116
FAM188A	0.624405822767961	0.999991221846835	0.629397728173465	0.999999967142524	0.11824
FBN1	0.998322872526097	0.999991221846835	0.0180805436057847	0.337908653810585	0.4866
FBXL7	0.215425417988462	0.994593076193033	0.611157824936111	0.999999967142524	0.057584
FHOD3	0.610878353471079	0.999991221846835	0.05592161716348	0.492601557203363	0.033003
FSIP1	0.805709046870356	0.999991221846835	0.248594817613795	0.857298133864258	0.051083
GALNT5	0.986167290855744	0.999991221846835	0.0940942688311323	0.613225457509401	0.29352
GLTSCR2	0.0230005450793482	0.338523489124552	0.324728468112689	0.941712557526797	-0.65079
GRIA1	0.313317494499858	0.999991221846835	0.583943894152716	0.999999967142524	-0.043682
GRIA2	0.114000325301977	0.775483694338142	0.702375948938653	0.999999967142524	-0.48695
H19	0.90887890692874	0.999991221846835	0.220100304101342	0.828541077541884	0.18701
HNRNPM	0.334909881501684	0.999991221846835	0.955925018382696	0.999999967142524	-0.21086
IK	0.460092400646584	0.999991221846835	0.865351943700982	0.999999967142524	-0.093947
ING5	0.697485355832633	0.999991221846835	0.00223415259674381	0.242033013910817	0.65701
KARS	0.00549815431807251	0.131716653445998	0.99303583220442	0.999999967142524	-0.56306
KEAP1	0.905527699045104	0.999991221846835	0.251767139450338	0.857298133864258	0.24169
LATS1	0.103034986582311	0.757736188339116	0.102593678365704	0.621199085489046	0.31278
LCP1	0.00272876352789099	0.0884440414039963	0.99771121611278	0.999999967142524	-0.80653
MEOX1	0.957219927654457	0.999991221846835	0.0563228640722538	0.492601557203363	0.33378
MSMO1	0.939012589425727	0.999991221846835	0.0164141513496613	0.337908653810585	0.45786
NF1	0.162542313823887	0.895608149169618	0.989494744495135	0.999999967142524	-0.33436
NFE2L2	0.0733315266421262	0.692376713178918	0.900116717949173	0.999999967142524	-0.33108
NHP2L1	0.273693157411746	0.999991221846835	0.165317719468142	0.774113942692431	0.38528
OR5V1	0.787415807647176	0.999991221846835	0.0874591824682051	0.594938389382482	-0.11807
OSBPL3	0.342448750959775	0.999991221846835	0.650759730789531	0.999999967142524	0.074773
OVCH2	0.859829812853668	0.999991221846835	0.0611580142892247	0.521940885801677	0.25137
PAX5	0.693255618435657	0.999991221846835	0.616749782599742	0.999999967142524	0.031438
PCDHGC4	0.465607569950271	0.999991221846835	0.355588893415194	0.950411223101195	-0.013997
PEAK1	0.984839172212446	0.999991221846835	0.0987781053018821	0.618485636606103	0.12569
PIK3CG	0.700078627987774	0.999991221846835	0.639764470743727	0.999999967142524	-0.088133
PLK1	0.000608515389141209	0.0412541305176249	0.987190210306803	0.999999967142524	-1.0081
PLXNB2	0.351259931725914	0.999991221846835	0.13220341202171	0.700423846384251	0.26413
PPAP2C	0.0372667090083812	0.446390362252567	0.995726819961536	0.999999967142524	-0.20989
PPIL2	4.05441940102924e-06	0.000712596275024781	0.997434014742256	0.999999967142524	-1.0107
PPP1R2P9	0.821633396262284	0.999991221846835	0.667074090769126	0.999999967142524	0.06207
PRDM1	0.00140827400082173	0.0627851899342034	0.999771735952964	0.999999967142524	-0.61298
PTCH1	0.0197054973001964	0.329022091285097	0.997048969722886	0.999999967142524	-0.24865
PTEN	0.464310527217492	0.999991221846835	0.925842006845969	0.999999967142524	-0.26985
RAMP1	0.0215740600103594	0.338523489124552	0.917398983462769	0.999999967142524	-0.17536
RB1	0.814467869966103	0.999991221846835	0.0448519537049386	0.492601557203363	0.3113
RBM5	0.934340931608582	0.999991221846835	0.195233643620209	0.827490289497962	0.022655
RNF111	0.735874217555855	0.999991221846835	0.833525500268526	0.999999967142524	0.0053146
RNF43	0.372961846850635	0.999991221846835	0.0116652324224705	0.337908653810585	0.097169
RPL13	0.41002388769657	0.999991221846835	0.741716321661065	0.999999967142524	0.042411
RPL14	0.880527088071576	0.999991221846835	0.31089369367857	0.936078826321816	0.082935
RPL18A	0.499656707773483	0.999991221846835	0.282942748657133	0.875726005615721	0.28277
RPL21	0.614863522988318	0.999991221846835	0.628864321449157	0.999999967142524	-0.052309
RPL23	0.237036734483706	0.999991221846835	0.278863545766613	0.875726005615721	-0.010974
RPL23A	0.240943263676913	0.999991221846835	0.718644842818891	0.999999967142524	-0.051894
RPL3	0.480376096670828	0.999991221846835	0.760003099571966	0.999999967142524	-0.065935
RPL30	0.505264118759996	0.999991221846835	0.944074684949884	0.999999967142524	-0.18548
RPL34	0.862180288161832	0.999991221846835	0.756624796719467	0.999999967142524	-0.032237
RPL37	0.651891486322445	0.999991221846835	0.545048776219709	0.999999967142524	-0.072799
RPL37A	0.783672987381129	0.999991221846835	0.0127853650437757	0.337908653810585	0.57487
RPL39	0.977049985112762	0.999991221846835	0.128036103799484	0.689080410707383	0.23298
RPL5	0.530809524363642	0.999991221846835	0.364983797883718	0.950411223101195	0.08812
RPL8	0.000673842422247957	0.0412541305176249	0.998839179517446	0.999999967142524	-0.58868
RPS15A	0.00096278926098769	0.0517998165324802	0.431809833864321	0.999999967142524	-0.69475
RPS19	0.14790146211069	0.840141295082372	0.734758561964051	0.999999967142524	-0.2942
RPS26	0.341169660154707	0.999991221846835	0.952203414994352	0.999999967142524	-0.18115
RPS3A	0.522972940109451	0.999991221846835	0.459410436888586	0.999999967142524	0.051054
RPS6	0.199512428109805	0.972843786623916	0.471190483548356	0.999999967142524	-0.16953
RPS7	0.281466362242258	0.999991221846835	0.994760930269435	0.999999967142524	-0.21672
RPS9	0.166620924033178	0.900079697473344	0.940196413192702	0.999999967142524	-0.19872
RPSA	0.0525296168802088	0.561896615331403	0.966593464552794	0.999999967142524	-0.46232
RRM2B	0.487278584207497	0.999991221846835	0.251834115786625	0.857298133864258	0.14017
RSL24D1	0.259455554667784	0.999991221846835	0.660070839812821	0.999999967142524	-0.20638
SERPINB8	0.143760458668789	0.840141295082372	0.74977470598435	0.999999967142524	0.0002777
SESN2	0.577888996778993	0.999991221846835	0.725951026436373	0.999999967142524	0.11773
SLC24A1	0.985002587696965	0.999991221846835	0.0199392421096347	0.343328825075273	0.49346
SLC6A11	0.999614800516171	0.999991221846835	0.0429414310108046	0.492601557203363	0.19988
SLC7A1	0.571220655424985	0.999991221846835	0.736639582221186	0.999999967142524	0.27047
SMAD4	0.00154262933297491	0.0627851899342034	0.995624659352113	0.999999967142524	-0.82248
SNAPC5	0.223521000858761	0.999991221846835	0.920268297307573	0.999999967142524	-0.10025
SNRNP200	1.59981623276884e-06	0.000440749372127814	0.999930628031589	0.999999967142524	-1.0663
SPHK1	0.0231735147401046	0.338523489124552	0.899576365030049	0.999999967142524	-0.35808
SRGAP2	0.0594232610569665	0.606337348933122	0.98606176277826	0.999999967142524	-0.30966
STK11	0.974479072131949	0.999991221846835	0.0466790683285739	0.492601557203363	0.41484
TGFB1	0.29838810611082	0.999991221846835	0.892051810637035	0.999999967142524	-0.053802
TGFBR2	0.000515199011012365	0.0405535221525447	0.923629722294235	0.999999967142524	-0.74218
THADA	0.569146572266438	0.999991221846835	0.0678806221100489	0.530919887590809	0.057336
TP53	0.990248050024719	0.999991221846835	0.00468582264562669	0.242033013910817	0.54165
TRHR	0.944215532121545	0.999991221846835	0.199858717605573	0.828541077541884	0.21929
TSSAAVS1	0.0232678850252668	0.338523489124552	0.96171865831962	0.999999967142524	-0.23148
TSSABCA13	0.217960119339124	0.994593076193033	0.737730049508305	0.999999967142524	-0.005099
TSSADAM17	0.919919305658211	0.999991221846835	0.128811764614992	0.689080410707383	0.057291
TSSADAT1	0.169128038156051	0.904752903145476	0.936660821420023	0.999999967142524	-0.29217
TSSAKT1	0.829001087448257	0.999991221846835	0.549522696193051	0.999999967142524	0.16894
TSSALDH16A1	0.800931971405096	0.999991221846835	0.698508101124835	0.999999967142524	-0.0065072
TSSATM	0.998335357885043	0.999991221846835	0.0129827298520977	0.337908653810585	0.45909
TSSATP7A	0.954956928925358	0.999991221846835	0.440189169417661	0.999999967142524	0.12785
TSSATP7B	0.0151696969518537	0.278616767349047	0.974953874447176	0.999999967142524	-0.62948
TSSATR	0.0347328460869047	0.425284404308544	0.794693741792234	0.999999967142524	-0.27809
TSSBCL2L1	0.205635131189296	0.976766873149157	0.959189769837475	0.999999967142524	-0.3713
TSSBCL6B	0.10637209825519	0.771197712350128	0.211695303686207	0.828541077541884	-0.67889
TSSBECN1	0.00451671412587876	0.113123158334509	0.999773394680104	0.999999967142524	-0.74652
TSSBRCA2	0.00170921569693839	0.0627851899342034	0.975895004707124	0.999999967142524	-0.38263
TSSC1R	0.188052616519273	0.964400129293123	0.837255850906796	0.999999967142524	0.080484
TSSCADM1	0.203995072291255	0.976766873149157	0.157276117954141	0.765338488832286	-0.060873
TSSCCND1	0.0158746222059831	0.282158607596668	0.989784865145929	0.999999967142524	-0.50871
TSSCDH4	0.000278482867051034	0.0255740099575199	0.999783653317669	0.999999967142524	-0.7412
TSSCELF1	0.0010341161195232	0.0517998165324802	0.949657277628215	0.999999967142524	-0.67014
TSSCLEC2B	0.241222876263299	0.999991221846835	0.634762893351045	0.999999967142524	-0.14537
TSSCLSTN3	0.632580332105775	0.999991221846835	0.876654683552598	0.999999967142524	-0.10044
TSSDAG1	0.164406274473329	0.89690947757232	0.522086336139089	0.999999967142524	0.018308
TSSE2F2	0.770646122028761	0.999991221846835	0.380044200534635	0.950411223101195	0.0071473
TSSEHMT2	0.504953769513804	0.999991221846835	0.803331976572575	0.999999967142524	-0.071255
TSSEIF3G	0.991501860025763	0.999991221846835	0.0346138828633057	0.433460214947306	0.47651
TSSEIF5B	0.570215051066579	0.999991221846835	0.818657924572945	0.999999967142524	-0.062989
TSSEPC1	0.817408087750039	0.999991221846835	0.00190488639207358	0.242033013910817	1.0557
TSSEPHA2	0.999033700136112	0.999991221846835	0.00722296268312301	0.277714450737581	0.46867
TSSERCC1	0.0855622775681081	0.725691823872876	0.793478605802224	0.999999967142524	-0.4785
TSSETV6	0.987562474360264	0.999991221846835	0.0648836505025459	0.521940885801677	0.34513
TSSFAM188A	0.849957552782159	0.999991221846835	0.218925511234879	0.828541077541884	0.18346
TSSGLTSCR2	0.622506249475537	0.999991221846835	0.0322290781939945	0.41723956260865	0.2655
TSSGRIA2	0.752464710559909	0.999991221846835	0.100058782077908	0.619465044100308	0.2756
TSSHNRNPM	0.422573427102623	0.999991221846835	0.918402988471059	0.999999967142524	-0.12116
TSSIK	0.0131906481956209	0.250622315716797	0.816760775795239	0.999999967142524	-0.30475
TSSING5	0.919628907343186	0.999991221846835	0.53858211816883	0.999999967142524	0.10896
TSSKARS	0.33764799391608	0.999991221846835	0.873535039046214	0.999999967142524	-0.17323
TSSKEAP1	0.0233464475258312	0.338523489124552	0.161542876842487	0.767328665001812	-0.52547
TSSLATS1	0.267268212764873	0.999991221846835	0.774328576503593	0.999999967142524	-0.14999
TSSLCP1	0.556969757039523	0.999991221846835	0.189675961195722	0.820151329064449	0.20667
TSSMSMO1	0.094910138648377	0.738274828821943	0.159630947862991	0.765338488832286	-0.073298
TSSNF1	0.192339331811028	0.964400129293123	0.94551493784519	0.999999967142524	-0.42938
TSSNFE2L2	0.244214690627132	0.999991221846835	0.0684125444989972	0.530919887590809	-0.12579
TSSNHP2L1	0.935214388034047	0.999991221846835	0.483892310729309	0.999999967142524	0.24762
TSSOR5V1	0.962904048445048	0.999991221846835	0.0318669835458948	0.41723956260865	0.31737
TSSPAX5	0.921935151639819	0.999991221846835	0.282265571755553	0.875726005615721	0.12434
TSSPCDHGC4	0.445452150968281	0.999991221846835	0.383293399133507	0.950411223101195	-0.15739
TSSPLK1	0.69779809337207	0.999991221846835	0.359366686817631	0.950411223101195	0.45061
TSSPLXNB2	0.715639709133025	0.999991221846835	0.0652081061405159	0.521940885801677	0.34133
TSSPPAP2C	0.0778954342955925	0.705568836845547	0.0427860843037341	0.492601557203363	-0.065069
TSSPPIL2	0.565012657621278	0.999991221846835	0.648671419432495	0.999999967142524	0.084079
TSSPRDM1	0.88515241907696	0.999991221846835	0.430689207988943	0.999999967142524	0.11354
TSSPTCH1	0.86416739096273	0.999991221846835	0.183652512753337	0.816393311075197	0.27788
TSSRB1	0.809927034910547	0.999991221846835	0.773905732195504	0.999999967142524	0.0012384
TSSRBM5	0.301831913621496	0.999991221846835	0.801091834585854	0.999999967142524	-0.011714
TSSRNF43	0.459971107951649	0.999991221846835	0.253042750169229	0.857298133864258	0.11069
TSSRPL3	0.510470696316067	0.999991221846835	0.137921840198607	0.72376127570888	-0.36294
TSSRPL8	0.128365490133393	0.816122881759819	0.971127325042209	0.999999967142524	-0.31541
TSSRRM2B	0.433468340525133	0.999991221846835	0.918255866182841	0.999999967142524	-0.15803
TSSSERPINB8	0.999372018051437	0.999991221846835	0.0146384624943338	0.337908653810585	0.44114
TSSSESN2	0.787928368761478	0.999991221846835	0.20993662624647	0.828541077541884	0.17583
TSSSLC24A1	0.0904812954758238	0.733164614811455	0.159734893313453	0.765338488832286	-0.23255
TSSSLC7A1	0.0530283557118565	0.561896615331403	0.875864918493828	0.999999967142524	-0.41211
TSSSMAD4	0.986770645638513	0.999991221846835	0.00483187505085117	0.242033013910817	0.5506
TSSSNAPC5	0.0282017031399951	0.3845461833817	0.990725208476517	0.999999967142524	-0.23476
TSSSNRNP200	0.905642492590073	0.999991221846835	0.0808520952449058	0.576321564124807	0.29166
TSSSPHK1	0.244033453261203	0.999991221846835	0.940031542315376	0.999999967142524	-0.19572
TSSSRGAP2	0.502718930908478	0.999991221846835	0.805433969922851	0.999999967142524	-0.10663
TSSSTK11	0.98727780759685	0.999991221846835	0.0538598503186065	0.492601557203363	0.39138
TSSTGFB1	0.0122605242285399	0.250205512960202	0.00325146908740667	0.242033013910817	-0.68746
TSSTGFBR2	0.999591390041907	0.999991221846835	0.00383623439900177	0.242033013910817	0.56176
TSSTP53	0.530737556441562	0.999991221846835	0.246466270490273	0.857298133864258	0.17736
TSSUCK1	0.657667992949462	0.999991221846835	0.641383751535734	0.999999967142524	0.19096
TSSUSP24	0.931834054935674	0.999991221846835	0.460912715152689	0.999999967142524	0.28877
TSSWT1	0.640527587196751	0.999991221846835	0.632252098281968	0.999999967142524	-0.016792
TSSXPA	0.373776348177928	0.999991221846835	0.435824347255484	0.999999967142524	0.027657
UCK1	0.346622745491721	0.999991221846835	0.340989653572499	0.950411223101195	-0.13497
unknown2345	0.991612701128873	0.999991221846835	0.0002197244306243	0.0605340806369946	0.57205
unknown466	0.799608946760633	0.999991221846835	0.0183979303345146	0.337908653810585	0.03298
USP24	0.769356094968713	0.999991221846835	0.526138205571868	0.999999967142524	0.026857
WT1	0.124911297799012	0.816122881759819	0.319726743388642	0.941712557526797	0.29051
XPA	0.087957922538063	0.733164614811455	0.790857806878341	0.999999967142524	-0.11183
