Gene	neg.pval	neg.fdr	pos.pval	pos.fdr	lfc
AAVS1	0.703422852900301	0.998439206190938	0.68219914089373	0.99999213499434	0.011449
ABCA13	0.261557169812323	0.869756371906037	0.707607203441273	0.99999213499434	-0.085495
ADAM17	0.606321106511832	0.998439206190938	0.522902038466103	0.99999213499434	0.14347
ADAMTSL3	0.252808087666987	0.868010822148043	0.833851149613012	0.99999213499434	-0.22817
ADAT1	0.661340805445785	0.998439206190938	0.572436270793157	0.99999213499434	-0.084273
AKT1	0.0391651771459219	0.441207709888752	0.981524079688613	0.99999213499434	-0.58999
ALDH16A1	0.44427005520618	0.998439206190938	0.967661330448369	0.99999213499434	-0.23508
ANKRD22	0.788158066162445	0.998439206190938	0.532042220770276	0.99999213499434	0.14742
ASAP	0.192352348302209	0.772739795446598	0.46106285982646	0.99999213499434	-0.25277
ATM	0.372706153340637	0.997361567374489	0.590386930491668	0.99999213499434	-0.078655
ATP7A	0.804708421784737	0.998439206190938	0.307109512548064	0.99999213499434	0.1916
ATP7B	0.983287897268009	0.998439206190938	0.234010869188674	0.906591262705957	0.35713
ATR	0.0621301628356408	0.548966240947113	0.986845769145618	0.99999213499434	-0.434
BCL2L1	0.387077566250797	0.998439206190938	0.0567009986869983	0.513897688901597	0.33306
BCL6B	0.481005186368136	0.998439206190938	0.776441598532398	0.99999213499434	-0.073739
BECN1	0.914693473457565	0.998439206190938	0.00248278583855357	0.155338409447369	0.76874
BRCA2	0.176145916017204	0.755903087082903	0.401024196112987	0.99999213499434	-0.20793
C1R	0.995283907012802	0.998439206190938	0.105228507296177	0.691501619374875	0.39098
CADM1	0.330141606356932	0.957413991978605	0.871524580387086	0.99999213499434	-0.14031
candidate5	0.998358301858809	0.998439206190938	0.0114859680605288	0.323051780779332	0.53561
candidate50	0.480727158852106	0.998439206190938	0.620863615180748	0.99999213499434	0.11522
candidate500	0.421002222453654	0.998439206190938	0.729209353079444	0.99999213499434	-0.042174
candidate501	0.0055594399342457	0.113659660877912	0.9988769744153	0.99999213499434	-0.54653
candidate502	0.00154943600413136	0.0526443826851963	0.932099662681748	0.99999213499434	-0.78802
candidate503	0.0899662628013822	0.666263413044638	0.983986714966116	0.99999213499434	-0.47149
candidate504	0.0034668585953965	0.0869866338481303	0.975552416884439	0.99999213499434	-0.56061
candidate505	0.00167302448642732	0.0526443826851963	0.466528763499257	0.99999213499434	-0.88279
candidate506	0.703660373041131	0.998439206190938	0.0325207339712007	0.365702625448652	0.1916
candidate507	0.215348294078175	0.798804808778844	0.492181085304913	0.99999213499434	-0.071732
candidate508	0.0499901654885376	0.495513462527511	0.969555646825014	0.99999213499434	-0.46366
candidate509	0.000458577766172952	0.025313492692747	0.876602446238153	0.99999213499434	-0.91084
candidate51	0.174130097820481	0.755903087082903	0.333543766956195	0.99999213499434	-0.26443
candidate510	0.516927379551183	0.998439206190938	0.145036685969141	0.749324850087156	0.35873
candidate511	0.194469106907087	0.772739795446598	0.967249305502671	0.99999213499434	-0.24079
candidate512	0.580288609119017	0.998439206190938	0.887941428136402	0.99999213499434	-0.076612
candidate513	0.356904211272819	0.980154848868636	0.688680909668739	0.99999213499434	-0.23272
candidate514	0.0647136842998238	0.551909715376214	0.812025986421839	0.99999213499434	-0.2033
candidate515	0.439843321954153	0.998439206190938	0.191207495055475	0.858101929029448	0.15703
candidate517	0.378783810076067	0.998439206190938	0.605649558478093	0.99999213499434	-0.025449
candidate518	0.259985006183444	0.869756371906037	0.134878878304038	0.744531408238289	0.18808
candidate519	0.599568374925354	0.998439206190938	0.497343185115981	0.99999213499434	-0.062097
candidate52	0.130476273266943	0.716035240580257	0.864126132564561	0.99999213499434	-0.45793
candidate520	0.97529138897697	0.998439206190938	0.0669002474921359	0.535201979937087	0.41287
candidate521	0.0819458070208457	0.646201221078669	0.793691347539841	0.99999213499434	-0.17884
candidate522	0.992300555537689	0.998439206190938	0.0954428407246053	0.654297403308128	0.38647
candidate523	0.048357835669209	0.494324542396359	0.815921232242308	0.99999213499434	-0.28861
candidate524	0.138296761600767	0.716035240580257	0.933945964464645	0.99999213499434	-0.24929
candidate525	0.13557607523136	0.716035240580257	0.909578503929731	0.99999213499434	-0.24597
candidate527	0.864508305202148	0.998439206190938	0.324998117562829	0.99999213499434	0.16
candidate528	0.579488280162959	0.998439206190938	0.156542469156365	0.785558572493761	0.37006
candidate529	0.557273342081069	0.998439206190938	0.689954147449772	0.99999213499434	-0.03925
candidate530	0.77126138751075	0.998439206190938	0.0217180289129315	0.360093535095802	0.51567
candidate531	0.965516365285727	0.998439206190938	0.0546292501280729	0.511107560520275	0.33162
candidate532	0.00791538773827768	0.145643134384309	0.77970203245311	0.99999213499434	-0.37366
candidate533	0.951233345194186	0.998439206190938	0.506116528992006	0.99999213499434	0.20697
candidate534	0.929578454801777	0.998439206190938	0.167535113597264	0.811426629320993	0.21547
candidate535	0.853359378873213	0.998439206190938	0.361729696006568	0.99999213499434	0.087507
candidate536	0.348456415156236	0.977172723567361	0.0284939594042715	0.360093535095802	0.41906
candidate537	0.528994861295122	0.998439206190938	0.837534816372446	0.99999213499434	-0.10461
candidate538	0.587833061087524	0.998439206190938	0.482843480257104	0.99999213499434	-0.097829
candidate539	0.38605969114971	0.998439206190938	0.657973161228277	0.99999213499434	-0.052018
candidate54	0.934056512279945	0.998439206190938	0.482171575052106	0.99999213499434	0.15356
candidate541	0.169552966943156	0.755903087082903	0.955321881045189	0.99999213499434	-0.32045
candidate543	0.776790629291293	0.998439206190938	0.799480262228622	0.99999213499434	-0.060623
candidate544	0.634204325923224	0.998439206190938	0.0195489435088062	0.360093535095802	0.083301
candidate545	0.785786496774796	0.998439206190938	0.724134747688103	0.99999213499434	-0.022455
candidate546	0.719732608602039	0.998439206190938	0.497628073963731	0.99999213499434	-0.016823
candidate547	0.759291074569851	0.998439206190938	0.481575387232045	0.99999213499434	0.12279
candidate549	0.438850081186754	0.998439206190938	0.0228904661381421	0.360093535095802	0.4882
candidate55	0.939910607926052	0.998439206190938	0.664150130782766	0.99999213499434	0.11884
candidate550	0.98812643309479	0.998439206190938	0.287545690216957	0.98587093788671	0.32029
candidate552	0.546196326974948	0.998439206190938	0.0171244490634016	0.360093535095802	-0.072205
candidate553	0.74770486193037	0.998439206190938	0.607694160375319	0.99999213499434	0.017305
candidate554	0.943649882842614	0.998439206190938	0.108452849712469	0.704305565191566	0.36543
candidate555	0.0278961810540328	0.358109114926188	0.996849233341359	0.99999213499434	-0.51065
candidate556	0.688339115682365	0.998439206190938	0.629489205323669	0.99999213499434	0.010877
candidate557	0.656141740050494	0.998439206190938	0.611486621517774	0.99999213499434	-0.026855
candidate558	0.763235226151207	0.998439206190938	0.0156733974389	0.360093535095802	0.43995
candidate56	0.915347136689832	0.998439206190938	0.0362195818121004	0.370244614079248	0.37511
candidate560	0.968113907382397	0.998439206190938	0.230153165249265	0.902042064673426	0.27365
candidate561	0.960517865421139	0.998439206190938	0.429153176701242	0.99999213499434	0.20233
candidate562	0.346104952227557	0.977172723567361	0.9088544944896	0.99999213499434	-0.17923
candidate563	0.837645309012217	0.998439206190938	0.712881166780759	0.99999213499434	0.015954
candidate564	0.00748773099835988	0.143007912374911	0.980453968468576	0.99999213499434	-0.72979
candidate566	0.333583168911955	0.957413991978605	0.686966549764669	0.99999213499434	0.079961
candidate567	0.12849969218676	0.716035240580257	0.892381939871159	0.99999213499434	-0.28299
candidate568	0.000721214929093722	0.0331758867383112	0.997950485616593	0.99999213499434	-0.92038
candidate569	0.940605043989789	0.998439206190938	0.0207579552508055	0.360093535095802	0.44412
candidate57	0.134855490665763	0.716035240580257	0.56031434037907	0.99999213499434	0.02846
candidate570	0.987120880840725	0.998439206190938	0.0351077530794833	0.365702625448652	0.53122
candidate571	0.0100835769270914	0.173941701992327	0.923508546946657	0.99999213499434	-0.47367
candidate572	0.520483010973588	0.998439206190938	0.661060533357691	0.99999213499434	-0.047195
candidate573	0.033371336547233	0.397177839302029	0.990810677475162	0.99999213499434	-0.44673
candidate574	0.247040314405693	0.868010822148043	0.912979294581002	0.99999213499434	-0.16117
candidate575	0.101112536188953	0.697676499703773	0.59123129589389	0.99999213499434	-0.37208
candidate576	0.435706385991217	0.998439206190938	0.522454036730811	0.99999213499434	0.13552
candidate577	0.174004559250623	0.755903087082903	0.868952486677478	0.99999213499434	-0.24778
candidate578	0.65187578157654	0.998439206190938	0.815896623086785	0.99999213499434	-0.082314
candidate579	0.435746570059805	0.998439206190938	0.853007397700651	0.99999213499434	-0.16521
candidate58	0.293662466219495	0.915828708209951	0.314344932175165	0.99999213499434	0.011418
candidate580	0.985649177928633	0.998439206190938	0.0584639777500176	0.52051799545177	0.33628
candidate581	0.874196762854218	0.998439206190938	0.022090759915781	0.360093535095802	0.45524
candidate584	0.877791907144338	0.998439206190938	0.704866226580125	0.99999213499434	-0.0021146
candidate585	0.638578940214101	0.998439206190938	0.441947460086122	0.99999213499434	0.1
candidate586	0.944858952684873	0.998439206190938	0.20482592955389	0.860101650655813	0.33385
candidate587	0.52622691746498	0.998439206190938	0.201777662397626	0.860101650655813	0.0023088
candidate588	0.213696662286908	0.798804808778844	0.847627333181754	0.99999213499434	-0.083086
candidate589	0.844260924275378	0.998439206190938	0.656977999237775	0.99999213499434	-0.015182
candidate59	0.00145604835615374	0.0526443826851963	0.999831435095939	0.99999213499434	-0.75138
candidate590	0.170815044900268	0.755903087082903	0.711404806822096	0.99999213499434	-0.23316
candidate591	0.0111802741093891	0.187015494193418	0.869112888804932	0.99999213499434	-0.79443
candidate592	0.38003727041658	0.998439206190938	0.797378149263004	0.99999213499434	-0.14764
candidate593	0.280098846493433	0.886193944829127	0.840503282862427	0.99999213499434	-0.071571
candidate594	0.065789149707772	0.551909715376214	0.991678275873993	0.99999213499434	-0.50428
candidate595	0.978830917063909	0.998439206190938	0.0447781883607483	0.431791708662894	0.53122
candidate596	0.397398507213129	0.998439206190938	0.934160277411871	0.99999213499434	-0.1234
candidate597	0.174050896659954	0.755903087082903	0.968215289209768	0.99999213499434	-0.21678
candidate598	0.842839561860479	0.998439206190938	0.632576593257383	0.99999213499434	0.053102
candidate599	0.707749102185964	0.998439206190938	0.000256036670368897	0.0353330605109079	0.62923
candidate6	0.906019549306479	0.998439206190938	0.113717588665754	0.711918403618157	0.10419
candidate60	0.172208424354987	0.755903087082903	0.299126686918615	0.99999213499434	-0.23406
candidate600	0.609032518209628	0.998439206190938	0.913810881482568	0.99999213499434	-0.081937
candidate601	0.190381694865119	0.772739795446598	0.838292390634498	0.99999213499434	-0.30269
candidate602	0.168182482292271	0.755903087082903	0.823036911206	0.99999213499434	-0.098217
candidate603	0.938374848510656	0.998439206190938	0.158620457928432	0.788815250238686	0.12665
candidate604	0.523600847792428	0.998439206190938	0.544889683191522	0.99999213499434	0.0060373
candidate605	0.300543189991482	0.921371671950672	0.83784610829513	0.99999213499434	-0.22295
candidate606	0.0520648203380356	0.495513462527511	0.943117120085179	0.99999213499434	-0.45573
candidate607	0.844397515881622	0.998439206190938	0.173949967837421	0.814247252015017	0.15273
candidate608	0.306213483814335	0.925379638375574	0.95515154656521	0.99999213499434	-0.17611
candidate609	0.0664252420632447	0.551909715376214	0.965361664751655	0.99999213499434	-0.21687
candidate61	0.913582527833701	0.998439206190938	0.177010272177178	0.814247252015017	0.29025
candidate610	0.894636331845069	0.998439206190938	0.349966727076425	0.99999213499434	0.1537
candidate612	0.690702259492894	0.998439206190938	0.56240960510207	0.99999213499434	-0.011835
candidate613	0.441167921917755	0.998439206190938	0.796974694950333	0.99999213499434	-0.14164
candidate614	0.401688425820957	0.998439206190938	0.692088488316359	0.99999213499434	-0.16665
candidate615	0.724315787855852	0.998439206190938	0.0963920563773345	0.654297403308128	0.21465
candidate616	0.282472660578903	0.886193944829127	0.141418696435397	0.749324850087156	-0.0040011
candidate617	0.993306872882975	0.998439206190938	0.0804637838247368	0.616889009322982	0.35273
candidate619	0.558876289513423	0.998439206190938	0.62193864443433	0.99999213499434	-0.077634
candidate62	0.334748008064983	0.957413991978605	0.510594002141652	0.99999213499434	0.073705
candidate620	0.727770449556994	0.998439206190938	0.717001537899605	0.99999213499434	0.051868
candidate621	0.809283481086448	0.998439206190938	0.596632042136344	0.99999213499434	-0.065141
candidate622	0.246978872186806	0.868010822148043	0.886655490724173	0.99999213499434	-0.31295
candidate623	0.973680610616964	0.998439206190938	0.0667129720911829	0.535201979937087	0.35193
candidate624	0.422004359021218	0.998439206190938	0.585341045800963	0.99999213499434	0.036529
candidate625	0.632784675121406	0.998439206190938	0.201334236258561	0.860101650655813	0.18064
candidate626	0.978122629827432	0.998439206190938	0.128836850933105	0.740811892865356	0.30931
candidate627	0.348737366925308	0.977172723567361	0.0114995454070719	0.323051780779332	0.28198
candidate628	0.995749076784995	0.998439206190938	0.000200044830905603	0.0353330605109079	0.6567
candidate629	0.781530313656817	0.998439206190938	0.621662707628862	0.99999213499434	0.074086
candidate63	0.66587256270222	0.998439206190938	0.0260154355354624	0.360093535095802	0.26542
candidate630	0.454980209603749	0.998439206190938	0.771051552134622	0.99999213499434	-0.18496
candidate631	0.45828544903999	0.998439206190938	0.527711389023357	0.99999213499434	-0.12713
candidate632	0.254276827745349	0.868010822148043	0.802165272737551	0.99999213499434	-0.14199
candidate633	0.129123523327469	0.716035240580257	0.980299478368515	0.99999213499434	-0.29519
candidate634	0.806441332990077	0.998439206190938	0.0275430566362937	0.360093535095802	0.039419
candidate635	0.312606329136817	0.927734912277005	0.826514555531067	0.99999213499434	-0.15793
candidate636	0.00455526900288732	0.100580339583752	0.975409912008451	0.99999213499434	-1.0162
candidate637	0.710450066526701	0.998439206190938	0.358404457317367	0.99999213499434	0.080606
candidate639	0.89215952428251	0.998439206190938	0.59912295732109	0.99999213499434	0.11613
candidate64	0.136314906999548	0.716035240580257	0.920536126686426	0.99999213499434	-0.24217
candidate640	0.858043730700956	0.998439206190938	0.681438851722314	0.99999213499434	0.019453
candidate641	0.582532491191876	0.998439206190938	0.547560692984905	0.99999213499434	-0.14166
candidate642	0.379389082014187	0.998439206190938	0.939092207445068	0.99999213499434	-0.212
candidate643	0.217066524124686	0.798804808778844	0.246526263647854	0.919476334686592	-0.046401
candidate644	0.583555685015578	0.998439206190938	0.812921710515829	0.99999213499434	-0.019489
candidate645	0.869546317880434	0.998439206190938	0.068990146553129	0.543519754913458	0.40796
candidate646	0.862029677187013	0.998439206190938	0.176158323265252	0.814247252015017	0.2488
candidate647	0.530491273334109	0.998439206190938	0.76416994147333	0.99999213499434	0.028854
candidate648	0.885173282155362	0.998439206190938	0.516009115467717	0.99999213499434	0.047336
candidate649	0.301175919351892	0.921371671950672	0.647686363012546	0.99999213499434	-0.2464
candidate65	0.389484234209452	0.998439206190938	0.312614981496108	0.99999213499434	-0.081883
candidate650	0.412982136405215	0.998439206190938	0.869803396421432	0.99999213499434	-0.0906
candidate652	0.408134413221103	0.998439206190938	0.937861129954853	0.99999213499434	-0.17389
candidate653	0.239508570541632	0.858498252850524	0.757085783357019	0.99999213499434	-0.16449
candidate654	0.929010073378533	0.998439206190938	0.029355451230636	0.360093535095802	0.47143
candidate655	0.809057578779734	0.998439206190938	0.425649853481618	0.99999213499434	0.17446
candidate656	0.752880894404987	0.998439206190938	0.609143865643634	0.99999213499434	-0.072079
candidate657	0.921320047223834	0.998439206190938	0.0173594184708945	0.360093535095802	0.49704
candidate658	0.129184976648219	0.716035240580257	0.525964889388648	0.99999213499434	-0.1978
candidate659	0.988093734473144	0.998439206190938	0.0311174614623682	0.365702625448652	0.42046
candidate66	0.840831456464189	0.998439206190938	0.198950642431506	0.860101650655813	0.26177
candidate660	0.00173739064132423	0.0526443826851963	0.837844255297287	0.99999213499434	-0.66752
candidate661	0.983783837252001	0.998439206190938	0.145249563332112	0.749324850087156	0.26208
candidate662	0.818057992884867	0.998439206190938	0.185644037076312	0.83996318414856	0.22246
candidate663	0.949393959877545	0.998439206190938	0.45396688188132	0.99999213499434	0.22123
candidate664	0.490029923932332	0.998439206190938	0.283041140912081	0.983814388119944	0.1659
candidate665	0.519928443762112	0.998439206190938	0.347813010038287	0.99999213499434	0.15258
candidate666	0.427266331271279	0.998439206190938	0.869487731823878	0.99999213499434	-0.086243
candidate667	0.403141404380921	0.998439206190938	0.636284403175568	0.99999213499434	-0.013061
candidate668	0.995710613215361	0.998439206190938	0.0233249845718591	0.360093535095802	0.45541
candidate669	0.457093220542519	0.998439206190938	0.727826706531922	0.99999213499434	-0.076197
candidate67	0.957149511673398	0.998439206190938	0.117735600722723	0.711918403618157	0.26514
candidate670	0.941973839042491	0.998439206190938	0.00854137524946466	0.2773434786885	0.64868
candidate672	0.624432900703839	0.998439206190938	0.902102381822462	0.99999213499434	-0.075385
candidate673	0.0143360138857828	0.219818879582002	0.801913672455662	0.99999213499434	-0.62631
candidate674	0.829049651825233	0.998439206190938	0.173294639952996	0.814247252015017	0.23729
candidate675	0.176100190540212	0.755903087082903	0.699529740991668	0.99999213499434	-0.28859
candidate676	0.662110331525451	0.998439206190938	0.419557429414192	0.99999213499434	0.15783
candidate677	0.254742306499969	0.868010822148043	0.564930392719823	0.99999213499434	0.14922
candidate678	0.192079685828048	0.772739795446598	0.00483637600025489	0.215778637095491	0.57534
candidate68	0.0117584240770068	0.190901473250228	0.990743165565812	0.99999213499434	-0.61513
candidate681	0.261489668092136	0.869756371906037	0.258183668233342	0.93343512153269	0.25599
candidate682	0.442469920458605	0.998439206190938	0.649546641330163	0.99999213499434	-0.22746
candidate683	0.836503133584533	0.998439206190938	0.170508436776891	0.814247252015017	0.336
candidate684	0.0529741984062466	0.495623008817765	0.933072670319799	0.99999213499434	-0.45377
candidate685	1.10192923974326e-05	0.0020275498011276	0.999982547439022	0.99999213499434	-0.94309
candidate686	0.39415305297733	0.998439206190938	0.672933050612634	0.99999213499434	-0.17173
candidate687	0.967786998245126	0.998439206190938	0.39549760333326	0.99999213499434	0.27419
candidate690	0.024150027160154	0.325141829083049	0.416332876812493	0.99999213499434	-0.42263
candidate691	0.951524867618647	0.998439206190938	0.336592498286794	0.99999213499434	0.2476
candidate692	0.495638175012275	0.998439206190938	0.796857221692923	0.99999213499434	-0.086632
candidate693	0.991517939776174	0.998439206190938	0.000348705312240942	0.0384970664714	0.8234
candidate694	0.950318192218648	0.998439206190938	0.142982153141403	0.749324850087156	0.40159
candidate695	0.153627570801189	0.749307097735824	0.215029242178277	0.866395194762109	0.075476
candidate696	0.234685958143745	0.846710123499003	0.941320167034012	0.99999213499434	-0.3372
candidate697	0.390482859611488	0.998439206190938	0.656026865531553	0.99999213499434	-0.074089
candidate698	0.796002408837803	0.998439206190938	0.735192476172553	0.99999213499434	0.043262
candidate699	0.627024585563773	0.998439206190938	0.533177723619212	0.99999213499434	0.1858
candidate7	0.748837072303145	0.998439206190938	0.500836612479775	0.99999213499434	0.034168
candidate70	0.590274219628961	0.998439206190938	0.373582903569964	0.99999213499434	0.073872
candidate700	0.986617138219855	0.998439206190938	0.0278411895825381	0.360093535095802	0.43625
candidate701	0.428126961020746	0.998439206190938	0.69488457792364	0.99999213499434	-0.088971
candidate704	0.440250503343932	0.998439206190938	0.422564565760174	0.99999213499434	-0.1687
candidate705	0.138485504635147	0.716035240580257	0.971833793435129	0.99999213499434	-0.48942
candidate706	0.774926790188238	0.998439206190938	0.689491785242684	0.99999213499434	0.02302
candidate707	0.770527386925605	0.998439206190938	0.624589460201649	0.99999213499434	-0.064332
candidate708	0.0726062660454027	0.589392042015622	0.986135818275672	0.99999213499434	-0.45797
candidate709	0.882509848742761	0.998439206190938	0.465305069767632	0.99999213499434	0.065173
candidate71	0.636954267643322	0.998439206190938	0.687452557148129	0.99999213499434	-0.050745
candidate710	0.762520092324864	0.998439206190938	0.176915201084157	0.814247252015017	0.33581
candidate711	0.488597281260012	0.998439206190938	0.713690671189328	0.99999213499434	-0.021893
candidate712	0.364390060920189	0.994910916327883	0.208792792007027	0.860101650655813	-0.20202
candidate714	0.178553563169116	0.758165898995016	0.966247009697137	0.99999213499434	-0.40822
candidate715	0.126427247604702	0.716035240580257	0.983831538005183	0.99999213499434	-0.39606
candidate717	0.113657694931266	0.716035240580257	0.118351962429254	0.711918403618157	-0.42047
candidate718	0.541383385274487	0.998439206190938	0.611389909351187	0.99999213499434	-0.10313
candidate719	0.622315693836057	0.998439206190938	0.0838930030875513	0.625796455463897	0.46886
candidate72	0.880646299084529	0.998439206190938	0.277920910496432	0.97752326382749	0.10162
candidate720	0.838145557002008	0.998439206190938	0.258394947011859	0.93343512153269	0.1136
candidate721	0.409956388633336	0.998439206190938	0.971039475529899	0.99999213499434	-0.20478
candidate722	0.521291479449629	0.998439206190938	0.446822667466054	0.99999213499434	-0.16819
candidate723	0.975783420943653	0.998439206190938	0.0832615777740316	0.625796455463897	0.35454
candidate725	0.165377086253194	0.755903087082903	0.672960661569474	0.99999213499434	-0.085495
candidate726	0.356820305478968	0.980154848868636	0.910647036346174	0.99999213499434	-0.10612
candidate727	0.0278507775217173	0.358109114926188	0.724707771000182	0.99999213499434	-0.47278
candidate728	0.669362333125416	0.998439206190938	0.143873853851007	0.749324850087156	0.22726
candidate729	0.681994359246223	0.998439206190938	0.71641265634868	0.99999213499434	-0.054646
candidate73	0.755373441411499	0.998439206190938	0.063562337142994	0.535201979937087	0.25642
candidate731	0.981887704749925	0.998439206190938	0.147837985759596	0.755616371660156	0.31413
candidate732	0.545864772117646	0.998439206190938	0.929648189211462	0.99999213499434	-0.13005
candidate733	0.154902914549323	0.749307097735824	0.345855224428303	0.99999213499434	-0.11778
candidate734	0.144982796396297	0.728767833916534	0.717432923282705	0.99999213499434	-0.41593
candidate735	0.496821687607651	0.998439206190938	0.714991391107435	0.99999213499434	0.0085097
candidate736	0.19458483979543	0.772739795446598	0.932602357470587	0.99999213499434	-0.17316
candidate737	0.929512256680635	0.998439206190938	0.167577238664118	0.811426629320993	0.17329
candidate738	0.974181988446658	0.998439206190938	0.361231752948277	0.99999213499434	0.2236
candidate739	0.398568741899132	0.998439206190938	0.469851226583863	0.99999213499434	-0.021125
candidate74	0.930818599654286	0.998439206190938	0.591757212947128	0.99999213499434	0.051795
candidate740	0.901713698110465	0.998439206190938	0.345701762431261	0.99999213499434	0.14197
candidate741	0.3530950830016	0.980154848868636	0.0699092438385063	0.543519754913458	0.34315
candidate742	0.159256462430908	0.755903087082903	0.873738377266049	0.99999213499434	-0.21305
candidate743	0.934903436290767	0.998439206190938	0.366264175818062	0.99999213499434	0.20666
candidate744	0.619928185995975	0.998439206190938	0.284611667086705	0.983814388119944	-0.078655
candidate745	0.687919227806035	0.998439206190938	0.205618005847792	0.860101650655813	0.3574
candidate746	0.123382886182343	0.716035240580257	0.679555083279064	0.99999213499434	-0.037214
candidate748	0.878699692085913	0.998439206190938	0.100985621993516	0.671615220968926	0.39772
candidate749	0.921918841126195	0.998439206190938	0.0199158368168959	0.360093535095802	0.56085
candidate75	0.190966656663259	0.772739795446598	0.911848061407059	0.99999213499434	-0.19126
candidate750	0.661503334375841	0.998439206190938	0.491437309935848	0.99999213499434	0.057278
candidate751	0.630468137007951	0.998439206190938	0.42560965507956	0.99999213499434	-0.06257
candidate752	0.884843964290395	0.998439206190938	0.642485898860215	0.99999213499434	0.039277
candidate753	0.882144565873498	0.998439206190938	0.388670078348951	0.99999213499434	0.21863
candidate754	0.675355380283953	0.998439206190938	0.84388312354205	0.99999213499434	-0.075495
candidate755	0.784422981042951	0.998439206190938	0.358516196678069	0.99999213499434	0.077069
candidate756	0.234577475839722	0.846710123499003	0.956280100941417	0.99999213499434	-0.20385
candidate757	0.0506491830572168	0.495513462527511	0.470244792877912	0.99999213499434	-0.088357
candidate759	0.464381581559873	0.998439206190938	0.554183374881132	0.99999213499434	-0.097329
candidate76	0.671702319773495	0.998439206190938	0.698034158443911	0.99999213499434	-0.063462
candidate760	0.870135454134623	0.998439206190938	0.721727864166344	0.99999213499434	0.030128
candidate761	0.991942958808679	0.998439206190938	0.0351127520811206	0.365702625448652	0.4515
candidate762	0.963060730910312	0.998439206190938	0.278027450037891	0.97752326382749	0.19506
candidate763	0.14673436594791	0.729706036065284	0.889944437044453	0.99999213499434	-0.31629
candidate764	0.338760811881077	0.963896743084302	0.64559130036576	0.99999213499434	0.20589
candidate767	0.0967633234801614	0.684786596936527	0.992339141784572	0.99999213499434	-0.35147
candidate768	0.722794646507044	0.998439206190938	0.0124106491062302	0.326222776506622	0.47626
candidate769	0.41046925010761	0.998439206190938	0.877069949679616	0.99999213499434	-0.14321
candidate77	0.632345574185576	0.998439206190938	0.821791435093299	0.99999213499434	-0.087525
candidate770	0.19445910033396	0.772739795446598	0.201675956018711	0.860101650655813	-0.25629
candidate771	0.609209297380701	0.998439206190938	0.452099108306665	0.99999213499434	-0.019489
candidate772	0.0838579109281119	0.651965730032645	0.91406469982929	0.99999213499434	-0.33458
candidate773	0.729801364739053	0.998439206190938	0.751941417558857	0.99999213499434	-0.062925
candidate774	0.833512150395754	0.998439206190938	0.684479247273745	0.99999213499434	0.056281
candidate775	0.593700063928851	0.998439206190938	0.0339614703115684	0.365702625448652	-0.047778
candidate776	0.8336795759905	0.998439206190938	0.00586354992107312	0.215778637095491	0.67114
candidate777	0.668260488222253	0.998439206190938	0.488029147242152	0.99999213499434	-0.015719
candidate778	0.739724733075783	0.998439206190938	0.125735797018543	0.738363403768464	0.062702
candidate779	0.595773880653961	0.998439206190938	0.730000530694805	0.99999213499434	-0.07888
candidate78	0.576209025399057	0.998439206190938	0.0279150172443483	0.360093535095802	0.46123
candidate780	0.935557358356611	0.998439206190938	0.0423666055266724	0.417613683048628	0.41175
candidate782	0.181385009559831	0.764309353259745	0.736349495973464	0.99999213499434	-0.32569
candidate783	0.749722281476761	0.998439206190938	0.35844775684817	0.99999213499434	0.11388
candidate784	0.958579974861774	0.998439206190938	0.113800726499516	0.711918403618157	0.45698
candidate786	0.213096738571085	0.798804808778844	0.805333214050511	0.99999213499434	-0.048385
candidate787	0.900219097931821	0.998439206190938	0.00332749282792263	0.183677604101329	0.63762
candidate789	0.945854738660991	0.998439206190938	0.0117047746659178	0.323051780779332	0.56132
candidate79	0.570123486542997	0.998439206190938	0.535757191295805	0.99999213499434	0.022055
candidate790	0.427295806067684	0.998439206190938	0.646083497311368	0.99999213499434	-0.08666
candidate792	0.0905249202506301	0.666263413044638	0.888652345773542	0.99999213499434	-0.25859
candidate793	0.490937644896057	0.998439206190938	0.951016845713604	0.99999213499434	-0.17049
candidate794	0.150257372991867	0.740554195459914	0.496176866563929	0.99999213499434	-0.33581
candidate795	0.665848834910037	0.998439206190938	0.220855239643909	0.883420958575634	0.088667
candidate796	0.126417174327816	0.716035240580257	0.962411173173791	0.99999213499434	-0.2837
candidate797	0.128926422010537	0.716035240580257	0.665683167174046	0.99999213499434	0.0084802
candidate798	0.589554721910425	0.998439206190938	0.917151544062838	0.99999213499434	-0.10458
candidate799	0.947068468348974	0.998439206190938	0.149875112120911	0.759000567804979	0.20033
candidate9	0.906268484443607	0.998439206190938	0.00224114409945993	0.155338409447369	0.62313
candidate90	0.674461641494498	0.998439206190938	0.0971963533899756	0.654297403308128	0.31253
candidate900	0.837232884656037	0.998439206190938	0.371367958291116	0.99999213499434	0.041136
candidate901	0.502482466733427	0.998439206190938	0.879474792842418	0.99999213499434	-0.062897
candidate905	0.650323855382018	0.998439206190938	0.740454671127598	0.99999213499434	-0.03361
candidate909	0.989301069193567	0.998439206190938	0.00696698662811758	0.240361038670057	0.48698
candidate91	0.954738364146748	0.998439206190938	0.0284547040189179	0.360093535095802	0.44427
candidate92	0.879265150438476	0.998439206190938	0.213235308387148	0.86548448698313	0.16911
candidate93	0.696901558396085	0.998439206190938	0.61305665699289	0.99999213499434	0.14742
candidate931	0.000784539870125206	0.0333127698699318	0.991052332939515	0.99999213499434	-0.81996
candidate932	0.216407552314368	0.798804808778844	0.793255368998475	0.99999213499434	-0.23235
candidate933	0.445950010297529	0.998439206190938	0.466157509517514	0.99999213499434	-0.047195
candidate935	0.547121415043243	0.998439206190938	0.742636532432846	0.99999213499434	-0.073739
candidate937	0.0456894834092267	0.47586028003572	0.990512407401851	0.99999213499434	-0.48633
candidate938	0.556190236888676	0.998439206190938	0.794192389904468	0.99999213499434	-0.067576
candidate94	0.670141443937622	0.998439206190938	0.230412918693755	0.902042064673426	0.048596
candidate940	0.874043832361789	0.998439206190938	0.118000185680844	0.711918403618157	0.2875
candidate941	0.251578467312266	0.868010822148043	0.838508511202853	0.99999213499434	-0.44613
candidate942	0.788887594865995	0.998439206190938	0.537258368391488	0.99999213499434	-0.03665
candidate946	0.855759264720951	0.998439206190938	0.0375873533181046	0.377240346028977	0.38331
candidate947	0.13496662462669	0.716035240580257	0.858305301939293	0.99999213499434	-0.31973
candidate948	0.536076277283018	0.998439206190938	0.830258831184721	0.99999213499434	-0.02708
candidate949	0.73088499250375	0.998439206190938	0.665159063013227	0.99999213499434	-0.060523
candidate953	0.840694575537938	0.998439206190938	0.294574764239845	0.99999213499434	0.26014
candidate955	0.21490179283947	0.798804808778844	0.668392946330364	0.99999213499434	-0.20377
candidate957	0.176651264916113	0.755903087082903	0.815578058391784	0.99999213499434	-0.1502
candidate958	0.596581826428817	0.998439206190938	0.784477715460657	0.99999213499434	-0.052786
candidate962	0.516895616170555	0.998439206190938	0.605593738093016	0.99999213499434	-0.015387
candidate964	0.24679885248433	0.868010822148043	0.853046709581919	0.99999213499434	-0.084291
candidate966	0.962946002278863	0.998439206190938	0.365994986205728	0.99999213499434	0.22239
candidate967	0.754187705318324	0.998439206190938	0.755913818516858	0.99999213499434	-0.078655
candidate97	0.0539278226407002	0.496135968294442	0.82746291725685	0.99999213499434	-0.52757
candidate972	0.962580362536418	0.998439206190938	0.44749042523751	0.99999213499434	0.20027
candidate977	0.258492668832863	0.869756371906037	0.425115119950336	0.99999213499434	0.23934
candidate978	0.275939501828801	0.886193944829127	0.48542310035055	0.99999213499434	-0.2025
candidate979	0.563136845055879	0.998439206190938	0.840808123666811	0.99999213499434	-0.025577
candidate98	0.531202819516651	0.998439206190938	0.0952217469163749	0.654297403308128	0.32636
candidate980	0.804839489560748	0.998439206190938	0.66382373534132	0.99999213499434	0.075084
candidate984	0.0626537557602683	0.548966240947113	0.945743141393651	0.99999213499434	-0.45046
candidate986	0.792190380198397	0.998439206190938	0.667125550502555	0.99999213499434	-0.017349
candidate987	0.020681611457604	0.308547284448579	0.608332443797449	0.99999213499434	0.030529
candidate989	0.463371844470574	0.998439206190938	0.779810120575065	0.99999213499434	-0.24625
candidate99	0.456703361387613	0.998439206190938	0.389538490397214	0.99999213499434	-0.05737
candidate990	0.776513543843491	0.998439206190938	0.556171154920944	0.99999213499434	0.01189
candidate992	0.820965332484651	0.998439206190938	0.657463962191398	0.99999213499434	-0.010125
candidate994	0.929483013323263	0.998439206190938	0.00154323877107282	0.141977966938699	0.71112
candidate995	0.799672629802441	0.998439206190938	0.237875557677571	0.91038458047031	0.066465
candidate997	0.145225474150034	0.728767833916534	0.893114096146322	0.99999213499434	-0.27678
candidate998	0.530344319596308	0.998439206190938	0.224587808961445	0.891888277314516	-0.12356
candidate999	0.944310061279495	0.998439206190938	0.351801253695429	0.99999213499434	0.15312
CCND1	0.356503950646355	0.980154848868636	0.899124713929813	0.99999213499434	-0.32509
CDH4	0.374010587765433	0.997361567374489	0.944522651275665	0.99999213499434	-0.166
CELF1	0.00272675351540783	0.0752583970252561	0.963062681458451	0.99999213499434	-0.65871
CLEC2B	0.91535053798518	0.998439206190938	0.111340554940371	0.711918403618157	0.34215
CLSTN2	0.118777242748961	0.716035240580257	0.838277597265139	0.99999213499434	-0.083587
CLSTN3	0.0958540050297663	0.684786596936527	0.890197518264626	0.99999213499434	-0.27406
DAG1	0.497391494914628	0.998439206190938	0.54990833945004	0.99999213499434	-0.085142
DMD	0.206330300918866	0.798804808778844	0.964333265629829	0.99999213499434	-0.31472
DNAH6	0.913340272961409	0.998439206190938	0.241721142925395	0.913904595169987	0.31156
DSCAML1	0.616008214726395	0.998439206190938	0.735890221642233	0.99999213499434	-0.047195
DTNB	0.747065388425535	0.998439206190938	0.207951736543691	0.860101650655813	0.10968
E2F2	0.0384238400950275	0.441207709888752	0.992685398326325	0.99999213499434	-0.61714
EHMT2	0.85450041113762	0.998439206190938	0.234859693056072	0.906591262705957	0.33558
EIF2AK4	0.686613496033616	0.998439206190938	0.809889973769238	0.99999213499434	-0.026794
EIF3G	0.000562141388630428	0.0282092769567269	0.99999213499434	0.99999213499434	-1.3392
EIF5B	0.0213819324558271	0.309718057472594	0.972438102422696	0.99999213499434	-0.65871
ENDOD1	0.956991456640423	0.998439206190938	0.0654553089477421	0.535201979937087	0.32265
EPC1	0.965183218939908	0.998439206190938	0.131362672140823	0.741880999995881	0.33558
EPHA2	0.970654887440359	0.998439206190938	0.430950960881432	0.99999213499434	0.26618
ERCC1	0.000160389316376874	0.0110668628300043	0.958984376497433	0.99999213499434	-1.4146
ETV6	0.850303740490349	0.998439206190938	0.0251610104466932	0.360093535095802	0.45753
FAM188A	0.419767193403748	0.998439206190938	0.629228003279432	0.99999213499434	-0.049209
FBN1	0.588698751180706	0.998439206190938	0.765729593628212	0.99999213499434	0.031786
FBXL7	0.617702908046061	0.998439206190938	0.36205404613817	0.99999213499434	-0.033595
FHOD3	0.312459676377192	0.927734912277005	0.319225005543879	0.99999213499434	0.015977
FSIP1	0.868214932596806	0.998439206190938	0.599138193079414	0.99999213499434	0.059954
GALNT5	0.493229023795181	0.998439206190938	0.814076272987677	0.99999213499434	-0.11604
GLTSCR2	0.000128663485771805	0.0101460348780052	0.976295583023833	0.99999213499434	-1.2428
GRIA1	0.997940447526452	0.998439206190938	0.0247586540922556	0.360093535095802	0.54942
GRIA2	0.0121907648716545	0.19226577740438	0.88524650065304	0.99999213499434	-0.99332
H19	0.365882094229276	0.994910916327883	0.67581582347174	0.99999213499434	-0.21956
HNRNPM	0.577123086873114	0.998439206190938	0.385040055565496	0.99999213499434	0.085625
IK	0.874035410550363	0.998439206190938	0.69642385295408	0.99999213499434	0.082031
ING5	0.965190368257058	0.998439206190938	0.334356213846292	0.99999213499434	0.23422
KARS	0.314314336968434	0.927815582922863	0.973687532158357	0.99999213499434	-0.23037
KEAP1	0.933436703498404	0.998439206190938	0.373187647310737	0.99999213499434	0.16666
LATS1	0.923162474334579	0.998439206190938	0.12295301189101	0.729785618965995	0.33558
LCP1	0.646829268722804	0.998439206190938	0.848635677883292	0.99999213499434	0.018283
MEOX1	0.657449322849197	0.998439206190938	0.450828351320734	0.99999213499434	-0.001169
MSMO1	0.969488585558214	0.998439206190938	0.0148424820119758	0.360093535095802	0.51834
NF1	0.119894803395269	0.716035240580257	0.838285475534034	0.99999213499434	-0.56025
NFE2L2	0.310677102096722	0.927734912277005	0.468759087252328	0.99999213499434	-0.035086
NHP2L1	0.00494051026766848	0.104890833375115	0.823550141772968	0.99999213499434	-1.0631
OR5V1	0.282554591104939	0.886193944829127	0.818289579733221	0.99999213499434	-0.29893
OSBPL3	0.843563670672387	0.998439206190938	0.543574072350656	0.99999213499434	-0.0011129
OVCH2	0.464817807581461	0.998439206190938	0.727380753274894	0.99999213499434	-0.11299
PAX5	0.962806707548297	0.998439206190938	0.0876313964901363	0.633587587151376	0.36785
PCDHGC4	0.919689696778657	0.998439206190938	0.20228098493344	0.860101650655813	0.3413
PEAK1	0.900571995143047	0.998439206190938	0.0620705763391699	0.535201979937087	0.27839
PIK3CG	0.837937521940454	0.998439206190938	0.546926095222691	0.99999213499434	0.096075
PLK1	9.53744604908838e-05	0.00877445036516131	0.999904458972223	0.99999213499434	-0.9443
PLXNB2	0.996766293304252	0.998439206190938	0.0291829892298975	0.360093535095802	0.43388
PPAP2C	0.281685684849825	0.886193944829127	0.779867562370451	0.99999213499434	-0.20978
PPIL2	1.58164393600809e-12	4.36533726338233e-10	0.998030593653728	0.99999213499434	-1.0827
PPP1R2P9	0.547347127412293	0.998439206190938	0.761204533037864	0.99999213499434	-0.15758
PRDM1	0.00751309684578338	0.143007912374911	0.999727299007308	0.99999213499434	-0.66734
PTCH1	0.306783467070163	0.925379638375574	0.867370493364572	0.99999213499434	-0.25648
PTEN	0.334530754323242	0.957413991978605	0.300692290916786	0.99999213499434	-0.20865
RAMP1	0.0902291958285436	0.666263413044638	0.906442079067383	0.99999213499434	-0.35651
RB1	0.413623729495308	0.998439206190938	0.536326385491894	0.99999213499434	-0.17975
RBM5	0.786533032119759	0.998439206190938	0.239140877116295	0.91038458047031	0.20444
RNF111	0.163334081103273	0.755903087082903	0.405728823477026	0.99999213499434	-0.073007
RNF43	0.032894097336387	0.397177839302029	0.935778229301277	0.99999213499434	-0.56803
RPL13	0.409050002070796	0.998439206190938	0.128236782724729	0.740811892865356	0.33015
RPL14	0.784592127456642	0.998439206190938	0.0883808771932173	0.633587587151376	0.34191
RPL18A	0.694012921106494	0.998439206190938	0.6041313699959	0.99999213499434	0.039834
RPL21	0.65457440106623	0.998439206190938	0.645841491719779	0.99999213499434	0.11728
RPL23	0.971946222467711	0.998439206190938	0.133056056924318	0.741888317396198	0.26166
RPL23A	0.0608446808317986	0.548966240947113	0.324244541002668	0.99999213499434	0.16473
RPL3	0.691653261612291	0.998439206190938	0.502269175281619	0.99999213499434	0.047191
RPL30	0.392269571388721	0.998439206190938	0.934819933678899	0.99999213499434	-0.13249
RPL34	0.206922147873826	0.798804808778844	0.964215616259841	0.99999213499434	-0.31056
RPL37	0.274993392776246	0.886193944829127	0.567980108004651	0.99999213499434	-0.013957
RPL37A	0.865993644819988	0.998439206190938	0.131710757245645	0.741880999995881	0.15883
RPL39	0.00181203491126581	0.0526443826851963	0.905481307387041	0.99999213499434	-0.58663
RPL5	0.799287210298027	0.998439206190938	0.0453694186638548	0.431791708662894	0.3177
RPL8	0.0403641457979559	0.445620169609433	0.793462804535904	0.99999213499434	-0.087254
RPS15A	0.188397666266535	0.772739795446598	0.0906750614834433	0.641700435113599	-0.081367
RPS19	0.280161959659578	0.886193944829127	0.986327653410719	0.99999213499434	-0.34001
RPS26	0.0338176783463684	0.397177839302029	0.882930902614694	0.99999213499434	-0.61974
RPS3A	0.693401351005454	0.998439206190938	0.285163590759404	0.983814388119944	0.19256
RPS6	0.369905879444798	0.996154500846634	0.676408053672212	0.99999213499434	-0.18087
RPS7	0.04162448330419	0.447770031187362	0.502466834818383	0.99999213499434	-0.48868
RPS9	0.25296750149985	0.868010822148043	0.37719569610237	0.99999213499434	-0.19969
RPSA	0.00401786846017549	0.0924109745840364	0.822596124015711	0.99999213499434	-0.51847
RRM2B	0.00400350825656953	0.0924109745840364	0.981464381209991	0.99999213499434	-1.0899
RSL24D1	0.875017264478975	0.998439206190938	0.452740787302216	0.99999213499434	0.046143
SERPINB8	0.720551281297206	0.998439206190938	0.488185977808725	0.99999213499434	0.15888
SESN2	0.277504568491411	0.886193944829127	0.857504671263062	0.99999213499434	-0.12912
SLC24A1	0.13355779964995	0.716035240580257	0.434874239934794	0.99999213499434	-0.17352
SLC6A11	0.654644944626932	0.998439206190938	0.481779979689606	0.99999213499434	-0.028889
SLC7A1	0.632791447544222	0.998439206190938	0.745510395371394	0.99999213499434	-0.069402
SMAD4	0.749159396085526	0.998439206190938	0.799665912752154	0.99999213499434	-0.053604
SNAPC5	0.0947774148186085	0.684786596936527	0.828805677241835	0.99999213499434	-0.40227
SNRNP200	2.49060957854666e-13	1.37481648735776e-10	0.999338569665829	0.99999213499434	-1.9109
SPHK1	0.973391263842478	0.998439206190938	0.203886486395238	0.860101650655813	0.33558
SRGAP2	0.886993909104363	0.998439206190938	0.0631609903519797	0.535201979937087	0.41867
STK11	0.0421812348219979	0.447770031187362	0.927044499999221	0.99999213499434	-0.71604
TGFB1	0.472542089204003	0.998439206190938	0.950363759864639	0.99999213499434	-0.20019
TGFBR2	0.000944276351112859	0.0372314675581642	0.999978592677997	0.99999213499434	-1.0903
THADA	0.914671540166807	0.998439206190938	0.0340663296911644	0.365702625448652	0.34921
TP53	0.173576946431557	0.755903087082903	0.872259592924504	0.99999213499434	-0.27849
TRHR	0.945426635271196	0.998439206190938	0.25872386520743	0.93343512153269	0.27654
TSSAAVS1	0.298846858596486	0.921371671950672	0.843517791478231	0.99999213499434	-0.073739
TSSABCA13	0.500290687721217	0.998439206190938	0.404328399380798	0.99999213499434	0.092885
TSSADAM17	0.865311823250403	0.998439206190938	0.0289682189542552	0.360093535095802	0.43211
TSSADAT1	0.214280710441486	0.798804808778844	0.77676910525826	0.99999213499434	-0.27406
TSSAKT1	0.850152217159839	0.998439206190938	0.49450958421655	0.99999213499434	0.011943
TSSALDH16A1	0.605760899586922	0.998439206190938	0.246028797335228	0.919476334686592	0.29779
TSSATM	0.617290887883613	0.998439206190938	0.687720209379266	0.99999213499434	0.02291
TSSATP7A	0.613858807813727	0.998439206190938	0.607587015428008	0.99999213499434	-0.088212
TSSATP7B	0.580830171546664	0.998439206190938	0.753803756756714	0.99999213499434	-0.047195
TSSATR	0.107062029010459	0.716035240580257	0.96727050070605	0.99999213499434	-0.45896
TSSBCL2L1	8.52364880778202e-05	0.00877445036516131	0.748967285900745	0.99999213499434	-1.2281
TSSBCL6B	0.562648546637328	0.998439206190938	0.724316131559196	0.99999213499434	-0.073739
TSSBECN1	0.406252792263866	0.998439206190938	0.863891488116604	0.99999213499434	-0.26692
TSSBRCA2	0.000218410366715129	0.0133958358251946	0.999821785936898	0.99999213499434	-0.76343
TSSC1R	0.866045461740193	0.998439206190938	0.0567894185199229	0.513897688901597	0.18215
TSSCADM1	0.837218627680018	0.998439206190938	0.0324961590988383	0.365702625448652	0.40159
TSSCCND1	0.445169799041088	0.998439206190938	0.575046867526718	0.99999213499434	-0.15313
TSSCDH4	0.0898871391536409	0.666263413044638	0.781421125067665	0.99999213499434	-0.17161
TSSCELF1	4.96004023526637e-05	0.00684485552466759	0.978442699008797	0.99999213499434	-1.5062
TSSCLEC2B	0.15610564536163	0.749307097735824	0.961351731789215	0.99999213499434	-0.24419
TSSCLSTN3	0.276035253493881	0.886193944829127	0.953699134762763	0.99999213499434	-0.20019
TSSDAG1	0.597160481284403	0.998439206190938	0.36150044745705	0.99999213499434	-0.080182
TSSE2F2	0.93476358804365	0.998439206190938	0.14113318386527	0.749324850087156	0.49627
TSSEHMT2	0.108972797701412	0.716035240580257	0.622707338743789	0.99999213499434	-0.42833
TSSEIF3G	0.122105493073027	0.716035240580257	0.974215269389022	0.99999213499434	-0.23894
TSSEIF5B	0.868707597900179	0.998439206190938	0.27146565114149	0.966767996323241	0.075084
TSSEPC1	0.972537135116023	0.998439206190938	0.184911851402518	0.83996318414856	0.40508
TSSEPHA2	0.977841972779007	0.998439206190938	0.208425715832402	0.860101650655813	0.27654
TSSERCC1	0.104705730804073	0.713550165479612	0.411170314598053	0.99999213499434	0.1156
TSSETV6	0.931106246616476	0.998439206190938	0.00566303771347818	0.215778637095491	0.72608
TSSFAM188A	0.905630817923481	0.998439206190938	0.088033246691526	0.633587587151376	0.35873
TSSGLTSCR2	0.0322585947568527	0.397177839302029	0.913370072693365	0.99999213499434	-0.50441
TSSGRIA2	0.952281294161012	0.998439206190938	0.136489458682867	0.745962190029135	0.342
TSSHNRNPM	0.533311770215032	0.998439206190938	0.647328873584639	0.99999213499434	0.095763
TSSIK	0.00313978182565518	0.0825314079886504	0.974641897169248	0.99999213499434	-0.76343
TSSING5	0.873142345473143	0.998439206190938	0.248494575855202	0.920597354846118	0.22454
TSSKARS	0.819079207457926	0.998439206190938	0.211562135939113	0.865054066951042	0.17023
TSSKEAP1	0.737550824099809	0.998439206190938	0.455622962901149	0.99999213499434	0.019579
TSSLATS1	0.879410258955565	0.998439206190938	0.0212055503415422	0.360093535095802	0.14927
TSSLCP1	0.134144861935323	0.716035240580257	0.162353739216893	0.800172000426114	-0.36137
TSSMSMO1	0.557620118187708	0.998439206190938	0.599409201305768	0.99999213499434	0.0907
TSSNF1	0.369948682379638	0.996154500846634	0.632584186857326	0.99999213499434	-0.17889
TSSNFE2L2	0.119387959599624	0.716035240580257	0.345890376168667	0.99999213499434	-0.37818
TSSNHP2L1	0.681239840499958	0.998439206190938	0.549931045792377	0.99999213499434	-0.040577
TSSOR5V1	0.0224433374980141	0.309718057472594	0.936703396044927	0.99999213499434	-0.59984
TSSPAX5	0.806331543160224	0.998439206190938	0.118653067269693	0.711918403618157	0.29781
TSSPCDHGC4	0.998044748048067	0.998439206190938	0.00554704716270786	0.215778637095491	0.61788
TSSPLK1	0.139426666944283	0.716035240580257	0.0272517222306525	0.360093535095802	-0.078655
TSSPLXNB2	0.107681190027768	0.716035240580257	0.654868399358198	0.99999213499434	-0.36488
TSSPPAP2C	0.50914778085951	0.998439206190938	0.883272488276866	0.99999213499434	-0.085806
TSSPPIL2	0.742010049212901	0.998439206190938	0.459877938183475	0.99999213499434	0.1332
TSSPRDM1	0.844825426709297	0.998439206190938	0.257440947996671	0.93343512153269	0.018437
TSSPTCH1	0.985033801128481	0.998439206190938	0.0667822059084667	0.535201979937087	0.44561
TSSRB1	0.325594394991135	0.950942359974109	0.813229184956593	0.99999213499434	-0.1464
TSSRBM5	0.0515604228864638	0.495513462527511	0.901761007903742	0.99999213499434	-0.45793
TSSRNF43	0.994376962302326	0.998439206190938	0.0326300322466225	0.365702625448652	0.52133
TSSRPL3	0.0996480237827394	0.696274799089521	0.968319946994969	0.99999213499434	-0.39913
TSSRPL8	0.593468496414554	0.998439206190938	0.515227478534795	0.99999213499434	-0.078655
TSSRRM2B	0.220345653222999	0.805501990590036	0.951039775277145	0.99999213499434	-0.19203
TSSSERPINB8	0.768970712140142	0.998439206190938	0.411596355340847	0.99999213499434	0.16531
TSSSESN2	0.991246434629151	0.998439206190938	0.261594347347558	0.93766285542761	0.3291
TSSSLC24A1	0.461284971743454	0.998439206190938	0.575077905805557	0.99999213499434	-0.086551
TSSSLC7A1	0.302116435911362	0.921371671950672	0.933757731472757	0.99999213499434	-0.34195
TSSSMAD4	0.873759062171667	0.998439206190938	0.000114797917870671	0.0316842253323053	1.1523
TSSSNAPC5	0.410724381077821	0.998439206190938	0.895472794143924	0.99999213499434	-0.15224
TSSSNRNP200	0.998439206190938	0.998439206190938	0.00253269145838102	0.155338409447369	0.68412
TSSSPHK1	0.075640993761244	0.605127950089952	0.992619092003634	0.99999213499434	-0.53194
TSSSRGAP2	0.11511913344818	0.716035240580257	0.993366646592809	0.99999213499434	-0.38605
TSSSTK11	0.742600180683184	0.998439206190938	6.89771971586372e-05	0.0316842253323053	0.98957
TSSTGFB1	0.0221412600321668	0.309718057472594	0.855597915295405	0.99999213499434	-0.56803
TSSTGFBR2	0.209816307713773	0.798804808778844	0.849562674003637	0.99999213499434	-0.079419
TSSTP53	0.594583652576154	0.998439206190938	0.5975405079535	0.99999213499434	0.075084
TSSUCK1	0.207598874629328	0.798804808778844	0.992841037908237	0.99999213499434	-0.37398
TSSUSP24	0.0669890415402289	0.551909715376214	0.979135766183124	0.99999213499434	-0.62802
TSSWT1	0.762493616419366	0.998439206190938	0.803309794522604	0.99999213499434	-0.053904
TSSXPA	0.319613197022159	0.938438748703361	0.907958013901218	0.99999213499434	-0.22122
UCK1	0.843700714429268	0.998439206190938	0.48885729696464	0.99999213499434	0.042966
unknown2345	0.269314730229703	0.886193944829127	0.92625423611955	0.99999213499434	-0.2366
unknown466	0.827790933299854	0.998439206190938	0.508821900897145	0.99999213499434	-0.0031071
USP24	0.796607318498456	0.998439206190938	0.00551503502980378	0.215778637095491	0.26664
WT1	0.009094052442659	0.161932804785412	0.971409071528116	0.99999213499434	-0.65871
XPA	0.140093851417876	0.716035240580257	0.984736817234988	0.99999213499434	-0.39892
